# format: selected-trackId
4
8
19
26
29
31
33
38
45
61
81
101
116
117
120
124
150
151
152
153
177
180
189
205
214
225
226
227
234
245
259
282
306
314
317
322
323
330
354
360
362
397
400
401
403
407
408
409
410
411
419
420
423
428
431
432
434
437
439
441
442
446
447
450
453
455
459
460
461
467
471
474
479
480
484
485
487
488
489
491
492
493
494
495
496
497
499
505
508
509
511
512
513
517
520
521
523
524
525
527
531
532
541
543
544
545
547
548
550
553
555
557
558
559
561
562
565
569
574
575
577
581
582
583
586
588
589
591
593
594
595
596
597
600
602
603
604
606
608
609
611
612
616
617
619
620
621
622
623
625
626
627
629
630
632
633
637
639
641
642
645
646
647
648
649
652
654
655
657
658
664
666
669
670
671
672
673
676
679
680
681
684
691
692
695
696
699
700
701
704
705
710
711
718
721
722
726
731
734
735
739
740
743
744
745
746
747
750
753
757
758
761
763
770
