#format: eventNumber, prototrackIndex, nMeasurements, nStates, nOutliers, nHoles, nSharedHits, chi2PerNDF, pT, eta, duplicate, fake
9, 0, 12, 58, 6, 40, 0, 2.15672, 0.0941891, -0.237057, 1, 0
9, 1, 6, 15, 0, 9, 0, 4.2263, 0.105447, -0.185148, 1, 0
9, 2, 20, 107, 11, 76, 0, 4.04502, 0.104885, -0.257221, 1, 0
9, 3, 6, 40, 6, 28, 0, 1.9669, 0.104173, -0.27787, 1, 0
9, 4, 24, 103, 0, 79, 0, 1.9995, 0.406878, -0.174668, 1, 0
9, 5, 22, 90, 0, 68, 0, 1.27031, 0.357076, -0.174315, 1, 0
9, 6, 18, 73, 0, 55, 0, 1.62024, 0.310375, -0.175473, 1, 0
9, 7, 15, 61, 0, 46, 0, 1.56111, 0.40716, -0.175138, 1, 0
9, 8, 44, 163, 4, 115, 0, 1.3741, 0.658382, 0.435189, 1, 0
9, 9, 43, 163, 4, 116, 0, 2.85611, 0.60524, 0.435203, 1, 0
9, 10, 43, 160, 4, 113, 0, 1.32844, 0.641864, 0.435994, 1, 0
9, 11, 43, 159, 4, 112, 0, 1.67748, 0.627555, 0.436004, 1, 0
9, 12, 42, 157, 4, 111, 0, 1.24411, 0.654532, 0.435931, 1, 0
9, 13, 43, 159, 4, 112, 0, 1.22235, 0.670556, 0.436017, 1, 0
9, 14, 41, 156, 4, 111, 0, 2.50562, 0.708035, 0.435736, 1, 0
9, 15, 41, 154, 4, 109, 0, 1.87715, 0.625377, 0.43623, 1, 0
9, 16, 41, 151, 3, 107, 0, 1.58351, 0.694925, 0.43651, 1, 0
9, 17, 39, 149, 3, 107, 0, 2.50286, 0.601824, 0.434947, 1, 0
9, 18, 39, 149, 3, 107, 0, 1.88922, 0.616761, 0.434926, 1, 0
9, 19, 39, 148, 3, 106, 0, 2.34902, 0.601415, 0.434942, 1, 0
9, 20, 40, 150, 3, 107, 0, 1.50836, 0.648634, 0.436266, 1, 0
9, 21, 37, 143, 3, 103, 0, 1.23333, 0.660751, 0.43564, 1, 0
9, 22, 38, 145, 4, 103, 0, 1.31321, 0.704174, 0.435585, 1, 0
9, 23, 37, 143, 3, 103, 0, 1.27242, 0.646432, 0.43558, 1, 0
9, 24, 38, 145, 3, 104, 0, 1.26245, 0.640315, 0.43564, 1, 0
9, 25, 37, 140, 3, 100, 0, 1.39993, 0.690867, 0.436068, 1, 0
9, 26, 36, 143, 3, 104, 0, 2.69911, 0.708694, 0.435394, 1, 0
9, 27, 36, 139, 3, 100, 0, 1.69643, 0.61221, 0.435813, 1, 0
9, 28, 36, 140, 3, 101, 0, 1.97187, 0.598092, 0.435849, 1, 0
9, 29, 35, 137, 2, 100, 0, 1.29139, 0.673554, 0.435913, 1, 0
9, 30, 35, 135, 3, 97, 0, 1.325, 0.725099, 0.435782, 1, 0
9, 31, 35, 137, 2, 100, 0, 1.30963, 0.664543, 0.435859, 1, 0
9, 32, 35, 136, 2, 99, 0, 1.3425, 0.695292, 0.435881, 1, 0
9, 33, 36, 139, 3, 100, 0, 1.35266, 0.639086, 0.435815, 1, 0
9, 34, 35, 137, 2, 100, 0, 1.82095, 0.616127, 0.435905, 1, 0
9, 35, 35, 136, 2, 99, 0, 1.36123, 0.651749, 0.435858, 1, 0
9, 36, 35, 137, 2, 100, 0, 1.61651, 0.627409, 0.435851, 1, 0
9, 37, 33, 132, 2, 97, 0, 1.43987, 0.647746, 0.435818, 1, 0
9, 38, 34, 132, 2, 96, 0, 1.45474, 0.698178, 0.43604, 1, 0
9, 39, 33, 129, 2, 94, 0, 1.42586, 0.708282, 0.436524, 1, 0
9, 40, 30, 123, 2, 91, 0, 1.56052, 0.655846, 0.436785, 1, 0
9, 41, 31, 125, 2, 92, 0, 1.65215, 0.624881, 0.436445, 1, 0
9, 42, 32, 128, 2, 94, 0, 1.63778, 0.62426, 0.436271, 1, 0
9, 43, 30, 122, 2, 90, 0, 1.59626, 0.65195, 0.436805, 1, 0
9, 44, 28, 118, 2, 88, 0, 1.6512, 0.638733, 0.435743, 1, 0
9, 45, 31, 125, 2, 92, 0, 1.63255, 0.628449, 0.436474, 1, 0
9, 46, 30, 123, 2, 91, 0, 2.07099, 0.600949, 0.436827, 1, 0
9, 47, 30, 122, 2, 90, 0, 1.52528, 0.690985, 0.436816, 1, 0
9, 48, 30, 123, 2, 91, 0, 1.75386, 0.630379, 0.436827, 1, 0
9, 49, 28, 118, 2, 88, 0, 1.7982, 0.604008, 0.435808, 1, 0
9, 50, 27, 115, 2, 86, 0, 1.45353, 0.685509, 0.436763, 1, 0
9, 51, 28, 117, 2, 87, 0, 1.94711, 0.593533, 0.435745, 1, 0
9, 52, 26, 112, 2, 84, 0, 2.06286, 0.570454, 0.436802, 1, 0
9, 53, 23, 102, 2, 77, 0, 1.74058, 0.645614, 0.436104, 1, 0
9, 54, 24, 102, 2, 76, 0, 1.8416, 0.790508, 0.436146, 1, 0
9, 55, 21, 93, 2, 70, 0, 2.04877, 0.647597, 0.438027, 1, 0
9, 56, 23, 98, 2, 73, 0, 1.98405, 0.830701, 0.436309, 1, 0
9, 57, 19, 88, 3, 66, 0, 1.83635, 0.537777, 0.43348, 1, 0
9, 58, 20, 89, 3, 66, 0, 1.57098, 0.811474, 0.434055, 1, 0
9, 59, 18, 81, 2, 61, 0, 2.14338, 0.557169, 0.434888, 1, 0
9, 60, 3, 12, 3, 6, 0, 2.09793, 0.0921313, 0.608119, 0, 0
9, 61, 48, 182, 6, 128, 0, 4.31584, 0.614707, 0.435265, 1, 0
9, 62, 48, 177, 0, 129, 0, 3.45995, 0.346431, -0.174978, 1, 0
9, 63, 48, 171, 0, 123, 0, 1.18152, 0.361151, -0.174406, 1, 0
9, 64, 49, 172, 0, 123, 0, 1.36023, 0.363347, -0.174506, 1, 0
9, 65, 48, 173, 0, 125, 0, 1.71149, 0.368171, -0.175202, 1, 0
9, 66, 46, 169, 0, 123, 0, 1.70613, 0.369744, -0.174918, 1, 0
9, 67, 48, 172, 0, 124, 0, 1.24603, 0.357546, -0.174355, 1, 0
9, 68, 44, 160, 0, 116, 0, 1.06357, 0.360979, -0.174687, 1, 0
9, 69, 47, 169, 0, 122, 0, 1.15661, 0.365252, -0.174935, 1, 0
9, 70, 45, 162, 0, 117, 0, 1.53321, 0.37154, -0.175452, 1, 0
9, 71, 45, 162, 0, 117, 0, 1.55541, 0.371916, -0.175429, 1, 0
9, 72, 44, 159, 0, 115, 0, 0.956584, 0.355506, -0.174703, 1, 0
9, 73, 44, 158, 0, 114, 0, 1.04109, 0.355461, -0.175008, 1, 0
9, 74, 43, 160, 0, 117, 0, 1.82723, 0.343668, -0.174682, 1, 0
9, 75, 43, 155, 0, 112, 0, 1.82039, 0.343073, -0.17495, 1, 0
9, 76, 41, 149, 0, 108, 0, 1.84193, 0.343007, -0.175071, 1, 0
9, 77, 42, 154, 0, 112, 0, 1.00046, 0.360115, -0.174833, 1, 0
9, 78, 41, 152, 0, 111, 0, 1.33859, 0.360929, -0.175775, 1, 0
9, 79, 40, 149, 0, 109, 0, 1.2986, 0.372587, -0.174956, 1, 0
9, 80, 42, 154, 0, 112, 0, 1.56471, 0.345628, -0.174807, 1, 0
9, 81, 40, 145, 0, 105, 0, 1.06645, 0.36341, -0.175193, 1, 0
9, 82, 41, 149, 0, 108, 0, 1.01098, 0.365179, -0.175063, 1, 0
9, 83, 39, 144, 0, 105, 0, 1.00657, 0.355466, -0.174229, 1, 0
9, 84, 39, 144, 0, 105, 0, 1.47558, 0.376105, -0.174268, 1, 0
9, 85, 38, 141, 0, 103, 0, 1.50017, 0.343888, -0.175114, 1, 0
9, 86, 38, 141, 0, 103, 0, 1.48755, 0.373787, -0.175123, 1, 0
9, 87, 39, 144, 0, 105, 0, 1.35886, 0.374416, -0.174254, 1, 0
9, 88, 36, 138, 0, 102, 0, 1.81113, 0.386193, -0.174778, 1, 0
9, 89, 38, 141, 0, 103, 0, 1.45346, 0.342746, -0.175044, 1, 0
9, 90, 38, 141, 0, 103, 0, 1.08715, 0.366409, -0.175089, 1, 0
9, 91, 37, 138, 0, 101, 0, 1.02523, 0.369922, -0.17452, 1, 0
9, 92, 37, 138, 0, 101, 0, 1.44369, 0.345554, -0.17451, 1, 0
9, 93, 36, 135, 0, 99, 0, 1.19632, 0.345109, -0.174394, 1, 0
9, 94, 32, 124, 0, 92, 0, 1.48745, 0.34493, -0.174855, 1, 0
9, 95, 34, 129, 0, 95, 0, 1.00523, 0.365518, -0.174433, 1, 0
9, 96, 31, 124, 0, 93, 0, 1.53423, 0.357162, -0.174693, 1, 0
9, 97, 34, 133, 0, 99, 0, 1.98887, 0.390088, -0.174349, 1, 0
9, 98, 32, 127, 0, 95, 0, 2.06064, 0.396305, -0.17491, 1, 0
9, 99, 33, 127, 0, 94, 0, 1.03377, 0.356267, -0.174633, 1, 0
9, 100, 31, 121, 0, 90, 0, 1.08903, 0.370506, -0.175065, 1, 0
9, 101, 32, 124, 0, 92, 0, 1.13532, 0.377605, -0.174872, 1, 0
9, 102, 29, 116, 0, 87, 0, 1.42924, 0.37948, -0.175571, 1, 0
9, 103, 24, 98, 0, 74, 0, 1.48231, 0.398487, -0.175967, 1, 0
9, 104, 50, 182, 6, 126, 0, 1.27229, 0.658795, 0.4351, 0, 0
9, 105, 49, 182, 7, 126, 0, 1.23323, 0.67373, 0.435018, 1, 0
9, 106, 49, 182, 6, 127, 0, 2.3872, 0.633913, 0.43517, 1, 0
9, 107, 46, 176, 6, 124, 0, 3.93848, 0.620618, 0.435075, 1, 0
9, 108, 48, 179, 6, 125, 0, 1.94424, 0.63163, 0.434866, 1, 0
9, 109, 48, 178, 6, 124, 0, 2.061, 0.629018, 0.434874, 1, 0
9, 110, 46, 174, 7, 121, 0, 1.72133, 0.693291, 0.435968, 1, 0
9, 111, 49, 181, 7, 125, 0, 1.92049, 0.689527, 0.435069, 1, 0
9, 112, 48, 176, 5, 123, 0, 1.52806, 0.656118, 0.435003, 1, 0
9, 113, 47, 176, 5, 124, 0, 2.45898, 0.633106, 0.435027, 1, 0
9, 114, 47, 177, 5, 125, 0, 4.13496, 0.613995, 0.435112, 1, 0
9, 115, 46, 174, 6, 122, 0, 2.99172, 0.613715, 0.436063, 1, 0
9, 116, 48, 174, 6, 120, 0, 1.30473, 0.675604, 0.436202, 1, 0
9, 117, 46, 167, 5, 116, 0, 1.39028, 0.678063, 0.435941, 1, 0
9, 118, 46, 174, 7, 121, 0, 1.55233, 0.688817, 0.436006, 1, 0
9, 119, 46, 171, 6, 119, 0, 1.46722, 0.689452, 0.435531, 1, 0
9, 120, 45, 168, 5, 118, 0, 1.9118, 0.627565, 0.435761, 1, 0
9, 121, 47, 171, 5, 119, 0, 1.26129, 0.649498, 0.435588, 1, 0
9, 122, 46, 170, 5, 119, 0, 1.55174, 0.639831, 0.435592, 1, 0
9, 123, 46, 168, 5, 117, 0, 1.59266, 0.635736, 0.435796, 1, 0
9, 124, 45, 163, 4, 114, 0, 1.26769, 0.677688, 0.435786, 1, 0
9, 125, 45, 166, 5, 116, 0, 1.7315, 0.631491, 0.435748, 1, 0
9, 126, 45, 167, 5, 117, 0, 2.59282, 0.615235, 0.435789, 1, 0
9, 127, 41, 157, 4, 112, 0, 2.90063, 0.602456, 0.435962, 1, 0
9, 128, 52, 183, 0, 131, 0, 1.13205, 0.359322, -0.175475, 0, 0
9, 129, 51, 182, 0, 131, 0, 1.73058, 0.355108, -0.175517, 1, 0
9, 130, 52, 183, 0, 131, 0, 1.15487, 0.364867, -0.175539, 1, 0
9, 131, 52, 183, 0, 131, 0, 1.23053, 0.366018, -0.175532, 1, 0
9, 132, 49, 178, 0, 129, 0, 2.06851, 0.370605, -0.175795, 1, 0
9, 133, 50, 180, 0, 130, 0, 2.6688, 0.372668, -0.175902, 1, 0
9, 134, 52, 183, 0, 131, 0, 1.30289, 0.36669, -0.175535, 1, 0
9, 135, 52, 182, 0, 130, 0, 1.35376, 0.367184, -0.175529, 1, 0
9, 136, 49, 174, 0, 125, 0, 1.54326, 0.367044, -0.175287, 1, 0
9, 137, 49, 174, 0, 125, 0, 1.56788, 0.367538, -0.175267, 1, 0
9, 138, 4, 13, 1, 8, 0, 3.97909, 0.449196, 1.59334, 1, 0
9, 139, 9, 29, 2, 18, 0, 4.82929, 0.271576, 1.75459, 0, 0
9, 140, 7, 26, 3, 16, 0, 1.60786, 0.246572, 1.76701, 1, 0
9, 141, 8, 29, 2, 19, 0, 3.59819, 0.239894, 1.68461, 1, 0
9, 142, 4, 13, 1, 8, 0, 4.30557, 0.291715, 1.5961, 1, 0
9, 143, 4, 13, 1, 8, 0, 4.27369, 0.267959, 1.59593, 1, 0
9, 144, 4, 13, 1, 8, 0, 4.17088, 0.373487, 1.59494, 1, 0
9, 145, 6, 21, 2, 13, 0, 2.3056, 0.527373, 1.77015, 1, 0
9, 146, 7, 26, 3, 16, 0, 2.60456, 0.571776, 1.671, 1, 0
9, 147, 7, 26, 3, 16, 0, 2.58323, 0.59173, 1.67081, 1, 0
9, 148, 3, 10, 1, 6, 0, 2.86064, 0.298051, 1.78281, 1, 0
9, 149, 8, 26, 2, 16, 0, 2.29748, 0.294351, 1.69272, 1, 0
9, 150, 7, 26, 3, 16, 0, 1.72019, 0.576697, 1.76734, 1, 0
9, 151, 7, 26, 3, 16, 0, 1.61823, 0.248816, 1.76681, 1, 0
9, 152, 8, 29, 3, 18, 0, 4.69301, 0.751795, 1.75555, 1, 0
9, 153, 2, 10, 2, 6, 0, 1.13977e-05, 0.379227, -1.21133, 1, 0
9, 154, 16, 86, 13, 57, 0, 3.0549, 0.332361, -1.38097, 1, 0
9, 155, 15, 87, 12, 60, 0, 2.72074, 0.545092, -1.38111, 1, 0
9, 156, 6, 24, 3, 15, 0, 1.8149, 0.906209, -1.32816, 1, 0
9, 157, 6, 23, 3, 14, 0, 1.79461, 0.328397, -1.32812, 1, 0
9, 158, 6, 23, 3, 14, 0, 1.85403, 0.317614, -1.32863, 1, 0
9, 159, 16, 85, 13, 56, 0, 2.65093, 0.369801, -1.38077, 0, 0
9, 160, 16, 85, 13, 56, 0, 2.67232, 0.364044, -1.38078, 1, 0
9, 161, 15, 84, 13, 56, 0, 2.87299, 0.346368, -1.37934, 1, 0
9, 162, 5, 18, 2, 11, 0, 2.84698, 0.588814, -1.32677, 1, 0
9, 163, 16, 86, 13, 57, 0, 3.095, 0.33564, -1.38098, 1, 0
9, 164, 4, 12, 1, 7, 0, 3.68795, 0.283835, -1.51286, 1, 0
9, 165, 4, 12, 1, 7, 0, 2.99773, 0.224386, -1.51349, 1, 0
9, 166, 7, 59, 13, 39, 0, 2.81167, 0.377484, -1.42174, 1, 0
9, 167, 7, 57, 13, 37, 0, 1.75727, 0.275666, -1.42182, 1, 0
9, 168, 10, 50, 7, 33, 0, 2.86793, 0.272161, -1.43078, 1, 0
9, 169, 10, 50, 7, 33, 0, 3.12774, 0.518157, -1.43107, 1, 0
9, 170, 8, 58, 12, 38, 0, 2.5359, 0.380017, -1.34945, 1, 0
9, 171, 11, 65, 11, 43, 0, 3.17097, 0.321844, -1.36741, 1, 0
9, 172, 6, 55, 14, 35, 0, 2.04411, 0.26258, -1.42315, 1, 0
9, 173, 5, 47, 11, 31, 0, 1.78606, 0.332974, -1.32482, 1, 0
9, 174, 4, 23, 4, 15, 0, 1.36915, 0.315811, -1.30668, 1, 0
9, 175, 4, 23, 4, 15, 0, 1.42389, 0.310096, -1.30689, 1, 0
9, 176, 2, 7, 1, 4, 0, 4.92376, 0.484065, -1.23436, 1, 0
9, 177, 7, 48, 9, 32, 0, 2.1278, 0.542088, -1.36856, 1, 0
9, 178, 7, 56, 11, 38, 0, 1.81804, 0.413705, -1.41383, 1, 0
9, 179, 7, 56, 11, 38, 0, 1.8534, 0.444395, -1.41388, 1, 0
9, 180, 3, 15, 2, 10, 0, 2.36269, 0.404231, -1.29086, 1, 0
9, 181, 8, 48, 7, 33, 0, 2.81251, 0.509112, -1.36023, 1, 0
9, 182, 7, 37, 5, 25, 0, 3.85852, 0.346219, -1.44967, 1, 0
9, 183, 5, 28, 5, 18, 0, 2.83225, 0.268298, -1.46265, 1, 0
9, 184, 5, 26, 4, 17, 0, 0.352485, 0.326021, -1.30515, 1, 0
9, 185, 3, 8, 0, 5, 0, 4.61632, 0.369756, -1.43399, 1, 0
9, 186, 3, 17, 3, 11, 0, 0.113543, 0.335681, -1.34858, 1, 0
9, 187, 10, 50, 7, 33, 0, 2.89319, 0.388224, -1.43119, 1, 0
9, 188, 10, 64, 11, 43, 0, 2.2224, 0.425127, -1.41457, 1, 0
9, 189, 10, 50, 7, 33, 0, 2.95022, 0.447643, -1.43106, 1, 0
9, 190, 10, 64, 11, 43, 0, 2.24636, 0.477832, -1.41436, 1, 0
9, 191, 10, 50, 7, 33, 0, 2.83387, 0.269173, -1.43073, 1, 0
9, 192, 10, 50, 7, 33, 0, 2.83155, 0.290077, -1.43075, 1, 0
9, 193, 10, 50, 7, 33, 0, 2.92908, 0.256162, -1.43048, 1, 0
9, 194, 10, 64, 11, 43, 0, 2.23055, 0.297049, -1.41394, 1, 0
9, 195, 42, 184, 14, 128, 0, 2.65954, 0.144428, -0.750518, 0, 0
9, 196, 36, 172, 16, 120, 0, 2.32381, 0.146587, -0.74885, 1, 0
9, 197, 35, 171, 16, 120, 0, 2.38612, 0.146723, -0.748935, 1, 0
9, 198, 14, 158, 18, 126, 0, 1.01516, 0.182302, -0.731754, 1, 0
9, 199, 27, 92, 3, 62, 0, 3.17545, 0.128912, -0.750292, 1, 0
9, 200, 27, 92, 3, 62, 0, 3.20147, 0.12873, -0.75031, 1, 0
9, 201, 39, 178, 16, 123, 0, 2.57632, 0.144019, -0.750341, 1, 0
9, 202, 41, 184, 16, 127, 0, 2.48569, 0.144395, -0.750447, 1, 0
9, 203, 38, 173, 17, 118, 0, 2.10108, 0.146321, -0.748789, 1, 0
9, 204, 36, 172, 16, 120, 0, 2.39788, 0.146604, -0.748836, 1, 0
9, 205, 27, 92, 3, 62, 0, 2.57806, 0.132091, -0.75042, 1, 0
9, 206, 27, 92, 3, 62, 0, 2.60997, 0.131568, -0.750407, 1, 0
9, 207, 41, 181, 14, 126, 0, 2.70611, 0.144472, -0.750611, 1, 0
9, 208, 39, 176, 13, 124, 0, 2.54885, 0.144467, -0.753232, 1, 0
9, 209, 29, 95, 2, 64, 0, 3.36188, 0.132104, -0.75113, 1, 0
9, 210, 25, 86, 3, 58, 0, 3.13913, 0.128295, -0.750229, 1, 0
9, 211, 12, 38, 2, 24, 0, 1.18728, 0.174934, -0.735467, 1, 0
9, 212, 13, 153, 18, 122, 0, 0.639222, 0.179917, -0.730274, 1, 0
9, 213, 27, 168, 22, 119, 0, 2.41949, 0.143263, -0.751122, 1, 0
9, 214, 11, 149, 20, 118, 0, 0.407031, 0.181204, -0.729362, 1, 0
9, 215, 38, 176, 16, 122, 0, 2.65413, 0.144317, -0.750836, 1, 0
9, 216, 32, 170, 19, 119, 0, 2.69835, 0.14357, -0.750507, 1, 0
9, 217, 36, 176, 16, 124, 0, 2.03558, 0.144418, -0.753863, 1, 0
9, 218, 34, 170, 16, 120, 0, 2.84151, 0.144103, -0.752965, 1, 0
9, 219, 33, 168, 16, 119, 0, 2.07071, 0.144554, -0.753955, 1, 0
9, 220, 35, 173, 16, 122, 0, 2.55684, 0.14398, -0.752884, 1, 0
9, 221, 33, 159, 17, 109, 0, 2.22574, 0.146427, -0.748232, 1, 0
9, 222, 29, 120, 6, 85, 0, 2.98828, 0.153261, -0.748587, 1, 0
9, 223, 30, 167, 18, 119, 0, 2.58601, 0.144017, -0.751117, 1, 0
9, 224, 26, 164, 22, 116, 0, 2.91839, 0.142466, -0.75166, 1, 0
9, 225, 34, 170, 16, 120, 0, 2.75378, 0.144056, -0.75294, 1, 0
9, 226, 31, 162, 16, 115, 0, 2.11177, 0.145099, -0.754739, 1, 0
9, 227, 29, 155, 16, 110, 0, 3.08137, 0.145161, -0.751665, 1, 0
9, 228, 31, 162, 16, 115, 0, 2.03917, 0.145218, -0.754733, 1, 0
9, 229, 19, 81, 5, 57, 0, 3.20706, 0.163458, -0.73994, 1, 0
9, 230, 21, 88, 3, 64, 0, 4.13786, 0.128741, -0.763038, 1, 0
9, 231, 27, 139, 15, 97, 0, 2.78843, 0.147552, -0.749602, 1, 0
9, 232, 26, 137, 15, 96, 0, 2.16837, 0.146568, -0.748552, 1, 0
9, 233, 24, 131, 15, 92, 0, 2.55701, 0.14707, -0.748706, 1, 0
9, 234, 28, 148, 14, 106, 0, 2.52115, 0.144347, -0.75445, 1, 0
9, 235, 26, 134, 15, 93, 0, 2.02453, 0.143509, -0.746493, 1, 0
9, 236, 31, 145, 13, 101, 0, 3.03878, 0.140209, -0.749427, 1, 0
9, 237, 24, 102, 5, 73, 0, 2.63058, 0.155953, -0.748652, 1, 0
9, 238, 25, 138, 13, 100, 0, 2.07571, 0.144261, -0.754184, 1, 0
9, 239, 24, 129, 15, 90, 0, 2.06313, 0.146701, -0.748331, 1, 0
9, 240, 32, 145, 12, 101, 0, 3.473, 0.139346, -0.749933, 1, 0
9, 241, 23, 124, 15, 86, 0, 1.62155, 0.143148, -0.746121, 1, 0
9, 242, 26, 134, 14, 94, 0, 2.58897, 0.139312, -0.749359, 1, 0
9, 243, 28, 139, 13, 98, 0, 2.84055, 0.141356, -0.750337, 1, 0
9, 244, 21, 119, 14, 84, 0, 1.87713, 0.14185, -0.745492, 1, 0
9, 245, 23, 125, 15, 87, 0, 1.63441, 0.143077, -0.74609, 1, 0
9, 246, 26, 134, 14, 94, 0, 2.59952, 0.139239, -0.749346, 1, 0
9, 247, 19, 113, 14, 80, 0, 2.00886, 0.144497, -0.747654, 1, 0
9, 248, 26, 128, 12, 90, 0, 2.89196, 0.138928, -0.751182, 1, 0
9, 249, 23, 119, 12, 84, 0, 3.26572, 0.137359, -0.751164, 1, 0
9, 250, 17, 97, 12, 68, 0, 2.83536, 0.145503, -0.75905, 1, 0
9, 251, 5, 20, 1, 14, 0, 1.20924, 0.158418, -0.717835, 1, 0
9, 252, 4, 26, 6, 16, 0, 1.18806, 0.264303, 1.62681, 1, 0
9, 253, 5, 26, 5, 16, 0, 3.54716, 0.24983, 1.65224, 1, 0
9, 254, 3, 18, 4, 11, 0, 2.43313, 0.329643, 1.57164, 1, 0
9, 255, 10, 45, 7, 28, 0, 2.14613, 0.302321, 1.65606, 0, 0
9, 256, 10, 46, 7, 29, 0, 2.25579, 0.261058, 1.65592, 1, 0
9, 257, 9, 45, 7, 29, 0, 1.42168, 0.423647, 1.6584, 1, 0
9, 258, 10, 46, 7, 29, 0, 2.18268, 0.335106, 1.65633, 1, 0
9, 259, 9, 43, 7, 27, 0, 2.36528, 0.341582, 1.65613, 1, 0
9, 260, 7, 37, 6, 24, 0, 2.72946, 0.252463, 1.63164, 1, 0
9, 261, 8, 35, 5, 22, 0, 3.30634, 0.229208, 1.64485, 1, 0
9, 262, 8, 35, 5, 22, 0, 3.61101, 0.232026, 1.64568, 1, 0
9, 263, 9, 43, 7, 27, 0, 2.23386, 0.323575, 1.65559, 1, 0
9, 264, 5, 21, 3, 13, 0, 3.04893, 0.290196, 1.59501, 1, 0
9, 265, 6, 29, 5, 18, 0, 2.73537, 0.276479, 1.63612, 1, 0
9, 266, 8, 34, 5, 21, 0, 3.54187, 0.317398, 1.6455, 1, 0
9, 267, 4, 23, 5, 14, 0, 2.43679, 0.197346, 1.64035, 1, 0
9, 268, 6, 24, 0, 18, 0, 2.7267, 0.289577, 0.0134465, 1, 0
9, 269, 23, 105, 6, 76, 0, 1.67682, 0.276498, 0.0286522, 1, 0
9, 270, 21, 96, 6, 69, 0, 1.59536, 0.298088, 0.0277922, 1, 0
9, 271, 17, 79, 6, 56, 0, 1.84649, 0.280059, 0.0263962, 1, 0
9, 272, 11, 51, 6, 34, 0, 1.72508, 0.311268, 0.0187857, 1, 0
9, 273, 11, 52, 6, 35, 0, 1.75207, 0.320208, 0.0183393, 1, 0
9, 274, 38, 156, 7, 111, 0, 1.19355, 0.294731, 0.0261509, 1, 0
9, 275, 36, 155, 8, 111, 0, 1.62025, 0.287608, 0.0258452, 1, 0
9, 276, 39, 156, 6, 111, 0, 1.52693, 0.303005, 0.0259553, 1, 0
9, 277, 39, 156, 6, 111, 0, 1.34751, 0.304035, 0.0265729, 1, 0
9, 278, 36, 147, 6, 105, 0, 1.17285, 0.302549, 0.0269829, 1, 0
9, 279, 40, 158, 6, 112, 0, 1.19123, 0.303596, 0.0274455, 1, 0
9, 280, 37, 149, 6, 106, 0, 1.1934, 0.306922, 0.0270074, 1, 0
9, 281, 37, 150, 6, 107, 0, 1.21308, 0.308741, 0.0270042, 1, 0
9, 282, 39, 156, 6, 111, 0, 1.37046, 0.30444, 0.0265736, 1, 0
9, 283, 36, 145, 5, 104, 0, 2.04366, 0.307222, 0.0270921, 1, 0
9, 284, 38, 153, 6, 109, 0, 1.24009, 0.300566, 0.0274531, 1, 0
9, 285, 36, 151, 6, 109, 0, 1.78697, 0.296682, 0.0268799, 1, 0
9, 286, 33, 151, 8, 110, 0, 2.38964, 0.286871, 0.0262992, 1, 0
9, 287, 36, 147, 6, 105, 0, 1.34064, 0.297027, 0.026932, 1, 0
9, 288, 36, 147, 6, 105, 0, 1.17701, 0.303289, 0.0269443, 1, 0
9, 289, 35, 144, 6, 103, 0, 1.19183, 0.304024, 0.0271492, 1, 0
9, 290, 35, 142, 5, 102, 0, 1.97535, 0.310344, 0.0271875, 1, 0
9, 291, 31, 138, 7, 100, 0, 1.58736, 0.287548, 0.0268258, 1, 0
9, 292, 34, 141, 6, 101, 0, 1.21864, 0.302805, 0.0273603, 1, 0
9, 293, 29, 128, 6, 93, 0, 1.49184, 0.28672, 0.0279098, 1, 0
9, 294, 27, 128, 7, 94, 0, 1.27548, 0.281584, 0.0278073, 1, 0
9, 295, 29, 128, 6, 93, 0, 1.38963, 0.299136, 0.0279054, 1, 0
9, 296, 30, 133, 6, 97, 0, 1.70782, 0.291163, 0.0271526, 1, 0
9, 297, 31, 133, 6, 96, 0, 1.3357, 0.306719, 0.0273011, 1, 0
9, 298, 28, 125, 6, 91, 0, 1.45734, 0.291227, 0.0281008, 1, 0
9, 299, 29, 128, 6, 93, 0, 1.41334, 0.289302, 0.0279106, 1, 0
9, 300, 31, 131, 6, 94, 0, 1.39252, 0.308605, 0.0272626, 1, 0
9, 301, 28, 130, 7, 95, 0, 1.66098, 0.278674, 0.0277245, 1, 0
9, 302, 30, 130, 6, 94, 0, 1.28153, 0.296145, 0.0278581, 1, 0
9, 303, 26, 116, 6, 84, 0, 1.62353, 0.296234, 0.0273701, 1, 0
9, 304, 27, 119, 5, 87, 0, 2.43828, 0.314374, 0.0274943, 1, 0
9, 305, 23, 105, 6, 76, 0, 1.56353, 0.289845, 0.0286925, 1, 0
9, 306, 49, 184, 6, 129, 0, 1.06212, 0.30511, 0.0269305, 0, 0
9, 307, 41, 183, 8, 134, 0, 3.23431, 0.293476, 0.0263595, 1, 0
9, 308, 49, 185, 6, 130, 0, 3.30437, 0.313489, 0.0264818, 1, 0
9, 309, 23, 66, 0, 43, 0, 1.82087, 0.199589, 0.0248405, 1, 0
9, 310, 23, 66, 0, 43, 0, 1.89505, 0.197618, 0.0248832, 1, 0
9, 311, 49, 186, 7, 130, 0, 1.63922, 0.301908, 0.0264412, 1, 0
9, 312, 47, 184, 7, 130, 0, 1.77363, 0.29981, 0.0264251, 1, 0
9, 313, 46, 185, 7, 132, 0, 2.23228, 0.298137, 0.0264582, 1, 0
9, 314, 48, 187, 7, 132, 0, 1.51187, 0.302783, 0.0264025, 1, 0
9, 315, 43, 182, 8, 131, 0, 2.4612, 0.294953, 0.0264343, 1, 0
9, 316, 46, 185, 7, 132, 0, 2.18249, 0.300498, 0.0262934, 1, 0
9, 317, 43, 178, 7, 128, 0, 2.54247, 0.299032, 0.0264875, 1, 0
9, 318, 45, 187, 7, 135, 0, 2.72729, 0.299086, 0.0263088, 1, 0
9, 319, 40, 179, 8, 131, 0, 3.13335, 0.294765, 0.0264102, 1, 0
9, 320, 44, 182, 7, 131, 0, 2.45848, 0.297669, 0.0265941, 1, 0
9, 321, 46, 175, 6, 123, 0, 1.18759, 0.308339, 0.0271978, 1, 0
9, 322, 49, 182, 5, 128, 0, 1.93217, 0.310321, 0.0268814, 1, 0
9, 323, 40, 179, 8, 131, 0, 3.31282, 0.294607, 0.0264449, 1, 0
9, 324, 28, 110, 2, 80, 0, 3.86943, 0.244649, 0.0252532, 1, 0
9, 325, 44, 172, 6, 122, 0, 1.68998, 0.302868, 0.0269906, 1, 0
9, 326, 48, 179, 5, 126, 0, 1.66973, 0.310551, 0.0268338, 1, 0
9, 327, 46, 176, 6, 124, 0, 1.09498, 0.306574, 0.0271412, 1, 0
9, 328, 46, 176, 6, 124, 0, 1.11984, 0.307193, 0.0271275, 1, 0
9, 329, 41, 173, 7, 125, 0, 2.48628, 0.298382, 0.0264895, 1, 0
9, 330, 44, 170, 6, 120, 0, 1.32633, 0.300736, 0.027103, 1, 0
9, 331, 41, 176, 8, 127, 0, 2.51025, 0.293824, 0.0265814, 1, 0
9, 332, 41, 176, 8, 127, 0, 2.87612, 0.292866, 0.0265495, 1, 0
9, 333, 39, 168, 8, 121, 0, 2.01835, 0.292618, 0.0264467, 1, 0
9, 334, 42, 165, 6, 117, 0, 1.2467, 0.302239, 0.0272944, 1, 0
9, 335, 42, 164, 6, 116, 0, 1.21924, 0.30318, 0.0272481, 1, 0
9, 336, 43, 170, 6, 121, 0, 2.03401, 0.29719, 0.0270149, 1, 0
9, 337, 43, 164, 5, 116, 0, 1.77175, 0.308586, 0.0271216, 1, 0
9, 338, 43, 163, 5, 115, 0, 2.18497, 0.311881, 0.0271492, 1, 0
9, 339, 42, 165, 6, 117, 0, 1.30194, 0.301507, 0.0272941, 1, 0
9, 340, 40, 159, 6, 113, 0, 1.43817, 0.299438, 0.0274797, 1, 0
9, 341, 46, 182, 7, 129, 0, 2.44074, 0.176571, 0.468378, 0, 0
9, 342, 43, 182, 8, 131, 0, 2.41136, 0.176037, 0.467859, 1, 0
9, 343, 43, 182, 8, 131, 0, 2.64453, 0.175911, 0.467874, 1, 0
9, 344, 22, 77, 3, 52, 0, 2.28967, 0.208675, 0.462641, 1, 0
9, 345, 23, 82, 3, 56, 0, 2.91443, 0.224688, 0.462804, 1, 0
9, 346, 25, 88, 3, 60, 0, 3.14221, 0.220438, 0.462754, 1, 0
9, 347, 25, 88, 3, 60, 0, 3.337, 0.227074, 0.462842, 1, 0
9, 348, 41, 168, 7, 120, 0, 2.50339, 0.174934, 0.467999, 1, 0
9, 349, 40, 169, 8, 121, 0, 2.24711, 0.174215, 0.4678, 1, 0
9, 350, 40, 169, 8, 121, 0, 2.29761, 0.174234, 0.467803, 1, 0
9, 351, 41, 166, 7, 118, 0, 2.06786, 0.174548, 0.46822, 1, 0
9, 352, 41, 165, 6, 118, 0, 1.99214, 0.176442, 0.468488, 1, 0
9, 353, 36, 157, 7, 114, 0, 2.1632, 0.174782, 0.468736, 1, 0
9, 354, 41, 166, 7, 118, 0, 2.07644, 0.174604, 0.468225, 1, 0
9, 355, 39, 165, 6, 120, 0, 2.89042, 0.176201, 0.468539, 1, 0
9, 356, 37, 154, 6, 111, 0, 2.00865, 0.176981, 0.468996, 1, 0
9, 357, 39, 163, 7, 117, 0, 1.77511, 0.177945, 0.468638, 1, 0
9, 358, 39, 157, 6, 112, 0, 2.1209, 0.17581, 0.46876, 1, 0
9, 359, 20, 70, 2, 48, 0, 2.51539, 0.238807, 0.465886, 1, 0
9, 360, 34, 145, 6, 105, 0, 2.04816, 0.175895, 0.468495, 1, 0
9, 361, 34, 145, 6, 105, 0, 2.0787, 0.175814, 0.468505, 1, 0
9, 362, 33, 144, 6, 105, 0, 1.92604, 0.177477, 0.468659, 1, 0
9, 363, 33, 148, 7, 108, 0, 2.07494, 0.180519, 0.469247, 1, 0
9, 364, 35, 148, 5, 108, 0, 2.28729, 0.179423, 0.46966, 1, 0
9, 365, 33, 142, 4, 105, 0, 3.32146, 0.180631, 0.469704, 1, 0
9, 366, 33, 144, 6, 105, 0, 2.3411, 0.175105, 0.468515, 1, 0
9, 367, 31, 139, 5, 103, 0, 3.45303, 0.175492, 0.468774, 1, 0
9, 368, 32, 138, 5, 101, 0, 2.17101, 0.175915, 0.46861, 1, 0
9, 369, 33, 144, 6, 105, 0, 2.05282, 0.176048, 0.468624, 1, 0
9, 370, 27, 133, 7, 99, 0, 2.61677, 0.177829, 0.46853, 1, 0
9, 371, 12, 45, 1, 32, 0, 1.35048, 0.195861, 0.452967, 1, 0
9, 372, 29, 139, 7, 103, 0, 2.42091, 0.176758, 0.468401, 1, 0
9, 373, 28, 131, 6, 97, 0, 2.19064, 0.173377, 0.468242, 1, 0
9, 374, 27, 125, 6, 92, 0, 2.43371, 0.171998, 0.468265, 1, 0
9, 375, 18, 76, 3, 55, 0, 2.37389, 0.17646, 0.465533, 1, 0
9, 376, 17, 67, 2, 48, 0, 2.51225, 0.169039, 0.467469, 1, 0
9, 377, 16, 68, 3, 49, 0, 2.01385, 0.185524, 0.467379, 1, 0
9, 378, 6, 32, 5, 21, 0, 1.92778, 0.169101, 0.488214, 1, 0
9, 379, 5, 17, 1, 11, 0, 2.83765, 0.0974185, -1.17511, 1, 0
9, 380, 5, 17, 1, 11, 0, 2.88183, 0.100729, -1.1693, 1, 0
9, 381, 45, 176, 3, 128, 0, 3.59147, 0.139175, 0.0763695, 1, 0
9, 382, 43, 176, 4, 129, 0, 4.56266, 0.138837, 0.0764484, 1, 0
9, 383, 42, 174, 4, 128, 0, 4.72238, 0.13882, 0.076424, 1, 0
9, 384, 43, 179, 5, 131, 0, 2.18451, 0.139566, 0.0767331, 1, 0
9, 385, 43, 179, 5, 131, 0, 2.29744, 0.139636, 0.0767363, 1, 0
9, 386, 46, 182, 3, 133, 0, 1.94672, 0.139175, 0.0768833, 1, 0
9, 387, 46, 182, 3, 133, 0, 1.94606, 0.139162, 0.0768823, 0, 0
9, 388, 15, 43, 0, 28, 0, 2.00815, 0.172343, 0.0813142, 1, 0
9, 389, 15, 43, 0, 28, 0, 1.84023, 0.190265, 0.0813788, 1, 0
9, 390, 9, 26, 0, 17, 0, 2.75213, 0.188928, 0.0792451, 1, 0
9, 391, 41, 168, 4, 123, 0, 2.06209, 0.138923, 0.0761587, 1, 0
9, 392, 9, 26, 0, 17, 0, 2.59563, 0.182571, 0.0801761, 1, 0
9, 393, 8, 38, 4, 26, 0, 3.80952, 0.075629, -1.16134, 1, 0
9, 394, 9, 42, 5, 28, 0, 3.75505, 0.0651736, -1.16336, 0, 0
9, 395, 7, 103, 5, 91, 0, 1.45087, 0.188963, 0.0790625, 1, 0
9, 396, 5, 30, 5, 20, 0, 3.46828, 0.0751062, -1.19448, 1, 0
9, 397, 6, 30, 4, 20, 0, 2.46279, 0.0767119, -1.18646, 1, 0
9, 398, 8, 30, 3, 19, 0, 3.82772, 0.0685216, -1.19245, 1, 0
9, 399, 29, 122, 1, 92, 0, 1.4714, 0.137527, 0.0766213, 1, 0
9, 400, 27, 118, 1, 90, 0, 1.613, 0.137392, 0.0762775, 1, 0
9, 401, 29, 120, 0, 91, 0, 1.55676, 0.137067, 0.076444, 1, 0
9, 402, 27, 121, 1, 93, 0, 2.0854, 0.138974, 0.0766878, 1, 0
9, 403, 8, 26, 1, 17, 0, 5.01613, 0.0704757, -1.18608, 1, 0
9, 404, 7, 24, 1, 16, 0, 6.26217, 0.0676005, -1.18285, 1, 0
9, 405, 22, 106, 1, 83, 0, 2.43751, 0.138904, 0.0769616, 1, 0
9, 406, 25, 110, 0, 85, 0, 1.47111, 0.135762, 0.0771477, 1, 0
9, 407, 22, 92, 0, 70, 0, 1.85122, 0.13804, 0.0770636, 1, 0
9, 408, 18, 82, 0, 64, 0, 2.21474, 0.136558, 0.0762831, 1, 0
9, 409, 6, 19, 0, 13, 0, 3.01395, 0.0671529, -1.17595, 1, 0
9, 410, 7, 35, 3, 25, 0, 2.89386, 0.0642092, -1.17063, 1, 0
9, 411, 9, 37, 2, 26, 0, 4.0878, 0.0665342, -1.18011, 1, 0
9, 412, 4, 9, 0, 5, 0, 5.04275, 0.0664094, -1.13026, 1, 0
9, 413, 7, 35, 3, 25, 0, 2.81898, 0.0640709, -1.17055, 1, 0
9, 414, 6, 30, 3, 21, 0, 2.28876, 0.0646553, -1.16569, 1, 0
9, 415, 8, 32, 1, 23, 0, 2.92858, 0.067383, -1.17659, 1, 0
9, 416, 49, 186, 5, 132, 0, 3.14678, 0.256496, 0.721499, 0, 0
9, 417, 42, 184, 10, 132, 0, 3.63339, 0.254699, 0.72202, 1, 0
9, 418, 45, 178, 6, 127, 0, 2.29587, 0.253436, 0.720894, 1, 0
9, 419, 26, 81, 3, 52, 0, 4.80686, 0.193071, 0.723213, 1, 0
9, 420, 20, 63, 4, 39, 0, 3.39551, 0.16437, 0.717224, 1, 0
9, 421, 13, 56, 0, 43, 0, 2.24301, 0.134963, 0.0761919, 1, 0
9, 422, 42, 180, 12, 126, 0, 3.64253, 0.782111, 1.02256, 1, 0
9, 423, 8, 31, 4, 19, 0, 0.573938, 0.333491, 1.07108, 1, 0
9, 424, 45, 177, 6, 126, 0, 1.98197, 0.255411, 0.720903, 1, 0
9, 425, 43, 183, 8, 132, 0, 5.05271, 0.257671, 0.722679, 1, 0
9, 426, 43, 180, 10, 127, 0, 2.8855, 0.814077, 1.02208, 0, 0
9, 427, 9, 31, 3, 19, 0, 3.7657, 0.69152, 1.06164, 1, 0
9, 428, 38, 176, 14, 124, 0, 3.02451, 0.838406, 1.02083, 1, 0
9, 429, 9, 31, 3, 19, 0, 3.86526, 0.314391, 1.06179, 1, 0
9, 430, 42, 183, 10, 131, 0, 4.16672, 0.258238, 0.722816, 1, 0
9, 431, 42, 183, 10, 131, 0, 4.15985, 0.258324, 0.722841, 1, 0
9, 432, 44, 175, 6, 125, 0, 1.90674, 0.255903, 0.721127, 1, 0
9, 433, 45, 176, 6, 125, 0, 2.12396, 0.254055, 0.720887, 1, 0
9, 434, 36, 165, 13, 116, 0, 2.88595, 0.755122, 1.02162, 1, 0
9, 435, 27, 128, 12, 89, 0, 3.35297, 0.721578, 1.02021, 1, 0
9, 436, 41, 169, 6, 122, 0, 3.16675, 0.255044, 0.721489, 1, 0
9, 437, 38, 168, 8, 122, 0, 3.78978, 0.257805, 0.721731, 1, 0
9, 438, 42, 168, 6, 120, 0, 2.38247, 0.258164, 0.721456, 1, 0
9, 439, 44, 172, 5, 123, 0, 2.19887, 0.257423, 0.721422, 1, 0
9, 440, 42, 172, 7, 123, 0, 2.4684, 0.260052, 0.721533, 1, 0
9, 441, 42, 172, 7, 123, 0, 3.17315, 0.261976, 0.721669, 1, 0
9, 442, 42, 168, 6, 120, 0, 2.07135, 0.260162, 0.721462, 1, 0
9, 443, 41, 161, 5, 115, 0, 2.24869, 0.261922, 0.721656, 1, 0
9, 444, 41, 164, 6, 117, 0, 2.55839, 0.253877, 0.720645, 1, 0
9, 445, 38, 157, 6, 113, 0, 2.10605, 0.256213, 0.721651, 1, 0
9, 446, 39, 163, 7, 117, 0, 3.22083, 0.251868, 0.720757, 1, 0
9, 447, 41, 161, 5, 115, 0, 2.45979, 0.262115, 0.72151, 1, 0
9, 448, 41, 164, 6, 117, 0, 2.26909, 0.255962, 0.720664, 1, 0
9, 449, 41, 163, 6, 116, 0, 2.25734, 0.256061, 0.720664, 1, 0
9, 450, 38, 161, 8, 115, 0, 2.84533, 0.261297, 0.721892, 1, 0
9, 451, 36, 155, 7, 112, 0, 2.98455, 0.263016, 0.721368, 1, 0
9, 452, 39, 158, 6, 113, 0, 2.24601, 0.255267, 0.72164, 1, 0
9, 453, 38, 154, 5, 111, 0, 1.99208, 0.259188, 0.721541, 1, 0
9, 454, 35, 158, 9, 114, 0, 2.92825, 0.256185, 0.722025, 1, 0
9, 455, 36, 152, 5, 111, 0, 3.02412, 0.251691, 0.721017, 1, 0
9, 456, 36, 150, 5, 109, 0, 2.12043, 0.255038, 0.720818, 1, 0
9, 457, 32, 146, 8, 106, 0, 2.47894, 0.265958, 0.722394, 1, 0
9, 458, 38, 153, 4, 111, 0, 2.13102, 0.25813, 0.721015, 1, 0
9, 459, 38, 152, 4, 110, 0, 2.72073, 0.254103, 0.720686, 1, 0
9, 460, 34, 143, 5, 104, 0, 1.93452, 0.263591, 0.721211, 1, 0
9, 461, 36, 149, 5, 108, 0, 3.29618, 0.250322, 0.720527, 1, 0
9, 462, 31, 147, 8, 108, 0, 3.78637, 0.255407, 0.722321, 1, 0
9, 463, 27, 142, 11, 104, 0, 3.00685, 0.245185, 0.719254, 1, 0
9, 464, 33, 147, 7, 107, 0, 2.9988, 0.269813, 0.722369, 1, 0
9, 465, 30, 144, 9, 105, 0, 2.43991, 0.25982, 0.72135, 1, 0
9, 466, 30, 144, 9, 105, 0, 2.4825, 0.259453, 0.721332, 1, 0
9, 467, 33, 142, 5, 104, 0, 1.95787, 0.262802, 0.721184, 1, 0
9, 468, 15, 98, 16, 67, 0, 1.75801, 0.595534, 1.03979, 1, 0
9, 469, 15, 98, 16, 67, 0, 1.80457, 0.565634, 1.03974, 1, 0
9, 470, 33, 157, 12, 112, 0, 2.58735, 0.827047, 1.02398, 1, 0
9, 471, 34, 158, 11, 113, 0, 3.00747, 0.807572, 1.0202, 1, 0
9, 472, 35, 160, 11, 114, 0, 3.45348, 0.765299, 1.02039, 1, 0
9, 473, 33, 154, 11, 110, 0, 2.58748, 0.778448, 1.02303, 1, 0
9, 474, 32, 151, 10, 109, 0, 3.32589, 0.76394, 1.02001, 1, 0
9, 475, 33, 149, 8, 108, 0, 2.75862, 0.767692, 1.02262, 1, 0
9, 476, 33, 148, 8, 107, 0, 2.46259, 0.845225, 1.02261, 1, 0
9, 477, 33, 146, 7, 106, 0, 2.92021, 0.838786, 1.0221, 1, 0
9, 478, 31, 140, 7, 102, 0, 3.06626, 0.861754, 1.02309, 1, 0
9, 479, 33, 149, 8, 108, 0, 2.68308, 0.778796, 1.02265, 1, 0
9, 480, 30, 137, 6, 101, 0, 3.199, 0.816092, 1.02211, 1, 0
9, 481, 31, 139, 7, 101, 0, 2.95708, 0.833205, 1.02233, 1, 0
9, 482, 31, 138, 6, 101, 0, 3.08627, 0.801757, 1.02232, 1, 0
9, 483, 29, 135, 7, 99, 0, 3.1341, 0.834676, 1.02244, 1, 0
9, 484, 26, 126, 7, 93, 0, 2.81123, 0.787552, 1.02312, 1, 0
9, 485, 26, 129, 8, 95, 0, 1.99134, 0.810585, 1.02476, 1, 0
9, 486, 13, 69, 6, 50, 0, 2.61255, 0.635865, 1.03763, 1, 0
9, 487, 26, 126, 7, 93, 0, 2.96383, 0.748635, 1.02314, 1, 0
9, 488, 26, 126, 7, 93, 0, 2.98923, 0.74497, 1.02314, 1, 0
9, 489, 24, 118, 6, 88, 0, 2.31744, 0.84974, 1.02429, 1, 0
9, 490, 24, 118, 6, 88, 0, 2.46089, 0.941621, 1.02435, 1, 0
9, 491, 24, 117, 6, 87, 0, 2.39797, 0.789572, 1.02428, 1, 0
9, 492, 22, 112, 6, 84, 0, 2.56255, 0.896074, 1.02409, 1, 0
9, 493, 22, 115, 7, 86, 0, 2.04324, 0.75102, 1.02428, 1, 0
9, 494, 24, 118, 6, 88, 0, 2.3788, 0.908475, 1.02431, 1, 0
9, 495, 9, 48, 3, 36, 0, 4.15751, 0.619872, 0.992686, 1, 0
9, 496, 10, 52, 3, 39, 0, 3.72955, 0.755259, 0.999626, 1, 0
9, 497, 32, 135, 3, 100, 0, 2.22323, 0.25593, 0.720537, 1, 0
9, 498, 34, 139, 3, 102, 0, 2.10681, 0.257075, 0.720485, 1, 0
9, 499, 33, 138, 3, 102, 0, 2.13733, 0.258128, 0.720458, 1, 0
9, 500, 33, 136, 3, 100, 0, 2.25211, 0.254398, 0.720563, 1, 0
9, 501, 27, 130, 7, 96, 0, 1.9839, 0.265976, 0.721434, 1, 0
9, 502, 27, 125, 4, 94, 0, 2.09288, 0.264717, 0.720668, 1, 0
9, 503, 23, 133, 12, 98, 0, 2.72809, 0.249734, 0.719758, 1, 0
9, 504, 25, 128, 8, 95, 0, 3.75614, 0.240351, 0.719503, 1, 0
9, 505, 27, 130, 7, 96, 0, 1.99728, 0.265608, 0.721463, 1, 0
9, 506, 23, 105, 2, 80, 0, 2.33969, 0.246554, 0.719795, 1, 0
9, 507, 9, 61, 6, 46, 0, 3.22384, 0.245269, 0.701316, 1, 0
9, 508, 3, 22, 3, 16, 0, 2.49, 0.805791, 0.973515, 1, 0
9, 509, 10, 47, 2, 35, 0, 2.49863, 0.832852, 1.02552, 1, 0
9, 510, 10, 43, 1, 32, 0, 2.37612, 0.741998, 1.01873, 1, 0
9, 511, 5, 22, 1, 16, 0, 0.344483, 0.82219, 1.07232, 1, 0
9, 512, 6, 22, 0, 16, 0, 3.28302, 0.948207, 1.00699, 1, 0
9, 513, 18, 76, 0, 58, 0, 1.66869, 0.261655, 0.71838, 1, 0
9, 514, 16, 66, 0, 50, 0, 2.04094, 0.263409, 0.721365, 1, 0
9, 515, 14, 59, 0, 45, 0, 1.86545, 0.262216, 0.715282, 1, 0
9, 516, 12, 50, 0, 38, 0, 1.11394, 0.268514, 0.716697, 1, 0
9, 517, 9, 37, 0, 28, 0, 0.685897, 0.242175, 0.713425, 1, 0
9, 518, 7, 28, 0, 21, 0, 0.600493, 0.255399, 0.718636, 1, 0
9, 519, 2, 11, 3, 6, 0, 2.49209, 0.0637336, -1.68908, 1, 0
9, 520, 2, 11, 4, 5, 0, 0.0104319, 0.0618347, -1.28614, 1, 0
9, 521, 3, 11, 3, 5, 0, 0.139686, 0.0668876, -1.46324, 0, 0
9, 522, 3, 20, 6, 11, 0, 1.31371, 0.0835484, 1.23862, 1, 0
9, 523, 13, 36, 2, 21, 0, 2.33277, 0.0939697, -1.09013, 1, 0
9, 524, 12, 36, 2, 22, 0, 2.64016, 0.0805677, -1.08971, 1, 0
9, 525, 12, 33, 2, 19, 0, 2.32998, 0.103812, -1.09581, 1, 0
9, 526, 28, 124, 13, 83, 0, 2.26224, 0.080791, -1.11576, 0, 0
9, 527, 12, 35, 2, 21, 0, 2.51763, 0.0887746, -1.08989, 1, 0
9, 528, 13, 36, 2, 21, 0, 2.26914, 0.0904877, -1.08987, 1, 0
9, 529, 12, 35, 2, 21, 0, 2.39865, 0.088685, -1.09027, 1, 0
9, 530, 11, 30, 2, 17, 0, 2.45966, 0.0913879, -1.09179, 1, 0
9, 531, 8, 23, 1, 14, 0, 2.25446, 0.0835674, -1.07724, 1, 0
9, 532, 6, 17, 1, 10, 0, 3.04059, 0.0987414, -1.08507, 1, 0
9, 533, 4, 15, 1, 10, 0, 2.29429, 0.0913825, -1.06354, 1, 0
9, 534, 4, 15, 1, 10, 0, 2.38866, 0.0877625, -1.06374, 1, 0
9, 535, 6, 20, 1, 13, 0, 2.51739, 0.0857453, -1.0824, 1, 0
9, 536, 8, 115, 23, 84, 0, 1.25299, 0.0786359, -1.10715, 1, 0
9, 537, 8, 23, 1, 14, 0, 1.96975, 0.092321, -1.07795, 1, 0
9, 538, 8, 23, 1, 14, 0, 2.0625, 0.0978873, -1.08165, 1, 0
9, 539, 12, 129, 27, 90, 0, 1.25449, 0.080153, -1.10581, 1, 0
9, 540, 13, 130, 24, 93, 0, 1.36957, 0.0801404, -1.10602, 1, 0
9, 541, 23, 94, 5, 66, 0, 2.90866, 0.0881696, -1.1143, 1, 0
9, 542, 20, 119, 18, 81, 0, 2.66806, 0.0803111, -1.1166, 1, 0
9, 543, 7, 22, 1, 14, 0, 2.12918, 0.0876596, -1.07863, 1, 0
9, 544, 9, 27, 1, 17, 0, 2.8882, 0.0940877, -1.08958, 1, 0
9, 545, 6, 19, 1, 12, 0, 2.44826, 0.0855887, -1.0821, 1, 0
9, 546, 11, 127, 26, 90, 0, 1.38582, 0.080143, -1.10592, 1, 0
9, 547, 23, 95, 5, 67, 0, 2.6794, 0.0876914, -1.11402, 1, 0
9, 548, 23, 99, 8, 68, 0, 2.32483, 0.0853851, -1.11651, 1, 0
9, 549, 2, 7, 1, 4, 0, 3.71137, 0.0915853, -1.05339, 1, 0
9, 550, 3, 12, 1, 8, 0, 2.51047, 0.0907057, -1.07362, 1, 0
9, 551, 2, 7, 1, 4, 0, 3.14224, 0.0889075, -1.04956, 1, 0
9, 552, 2, 7, 1, 4, 0, 3.33381, 0.0863302, -1.05219, 1, 0
9, 553, 18, 100, 14, 68, 0, 2.27336, 0.0815623, -1.1203, 1, 0
9, 554, 9, 31, 0, 22, 0, 4.26785, 0.0867842, -1.08714, 1, 0
9, 555, 9, 31, 0, 22, 0, 4.20815, 0.0847829, -1.08683, 1, 0
9, 556, 16, 69, 3, 50, 0, 2.48222, 0.0887021, -1.11072, 1, 0
9, 557, 9, 31, 0, 22, 0, 4.68714, 0.0927618, -1.08773, 1, 0
9, 558, 15, 74, 7, 52, 0, 2.21366, 0.0845469, -1.1164, 1, 0
9, 559, 15, 66, 3, 48, 0, 2.62541, 0.0896191, -1.11052, 1, 0
9, 560, 16, 69, 3, 50, 0, 2.68163, 0.0889343, -1.11089, 1, 0
9, 561, 16, 85, 11, 58, 0, 1.59811, 0.0795674, -1.11768, 1, 0
9, 562, 15, 66, 3, 48, 0, 2.73864, 0.089041, -1.11053, 1, 0
9, 563, 9, 45, 4, 32, 0, 2.56988, 0.0844611, -1.13441, 1, 0
9, 564, 11, 65, 10, 44, 0, 2.32639, 0.0823151, -1.11918, 1, 0
9, 565, 45, 185, 3, 137, 0, 2.73688, 0.450904, 0.28503, 0, 0
9, 566, 27, 129, 7, 95, 0, 3.23635, 0.87964, 0.283784, 1, 0
9, 567, 41, 174, 3, 130, 0, 2.97794, 0.449004, 0.284892, 1, 0
9, 568, 44, 182, 3, 135, 0, 3.38295, 0.446026, 0.284872, 1, 0
9, 569, 32, 115, 0, 83, 0, 2.59531, 0.694073, 0.283576, 1, 0
9, 570, 36, 152, 4, 112, 0, 3.16914, 0.40049, 0.285468, 1, 0
9, 571, 44, 181, 3, 134, 0, 1.78058, 0.458515, 0.284653, 1, 0
9, 572, 32, 118, 0, 86, 0, 2.99973, 0.638333, 0.282124, 1, 0
9, 573, 42, 179, 4, 133, 0, 2.28113, 0.454698, 0.284078, 1, 0
9, 574, 39, 168, 3, 126, 0, 2.7943, 0.441725, 0.284623, 1, 0
9, 575, 37, 168, 4, 127, 0, 3.14886, 0.437861, 0.284922, 1, 0
9, 576, 32, 115, 0, 83, 0, 2.80603, 0.74349, 0.283618, 1, 0
9, 577, 31, 111, 0, 80, 0, 2.77941, 0.762653, 0.282848, 1, 0
9, 578, 29, 98, 0, 69, 0, 2.18132, 0.612412, 0.281849, 1, 0
9, 579, 37, 165, 4, 124, 0, 2.6277, 0.441316, 0.284392, 1, 0
9, 580, 27, 100, 0, 73, 0, 2.74204, 0.762697, 0.281439, 1, 0
9, 581, 35, 155, 3, 117, 0, 2.76113, 0.466528, 0.285107, 1, 0
9, 582, 36, 161, 3, 122, 0, 3.17102, 0.439955, 0.284251, 1, 0
9, 583, 24, 85, 0, 61, 0, 1.8831, 0.676616, 0.278218, 1, 0
9, 584, 25, 87, 0, 62, 0, 1.80542, 0.687287, 0.281007, 1, 0
9, 585, 32, 145, 3, 110, 0, 1.89875, 0.444199, 0.283539, 1, 0
9, 586, 31, 145, 4, 110, 0, 2.62582, 0.440042, 0.283361, 1, 0
9, 587, 20, 73, 0, 53, 0, 1.74204, 0.630898, 0.281953, 1, 0
9, 588, 30, 139, 3, 106, 0, 2.96237, 0.412141, 0.283216, 1, 0
9, 589, 27, 128, 3, 98, 0, 2.41689, 0.418529, 0.284866, 1, 0
9, 590, 28, 133, 3, 102, 0, 2.81655, 0.432182, 0.28509, 1, 0
9, 591, 14, 55, 2, 39, 0, 1.36123, 0.214308, -0.335102, 1, 0
9, 592, 27, 133, 4, 102, 0, 2.3082, 0.426952, 0.284824, 1, 0
9, 593, 29, 136, 3, 104, 0, 1.68979, 0.425352, 0.284756, 1, 0
9, 594, 27, 133, 4, 102, 0, 2.38459, 0.435215, 0.284819, 1, 0
9, 595, 27, 129, 3, 99, 0, 1.71756, 0.435371, 0.284943, 1, 0
9, 596, 25, 124, 3, 96, 0, 1.8557, 0.451563, 0.284804, 1, 0
9, 597, 16, 112, 8, 88, 0, 2.68293, 0.430263, 0.285792, 1, 0
9, 598, 10, 41, 0, 31, 0, 4.06075, 0.587857, 0.277269, 1, 0
9, 599, 24, 129, 5, 100, 0, 2.15647, 0.430348, -0.353832, 1, 0
9, 600, 26, 134, 6, 102, 0, 2.48778, 0.438022, -0.354219, 1, 0
9, 601, 25, 131, 5, 101, 0, 2.62669, 0.439413, -0.354628, 1, 0
9, 602, 21, 123, 7, 95, 0, 1.71486, 0.421161, -0.355446, 1, 0
9, 603, 15, 110, 8, 87, 0, 2.50498, 0.404746, -0.359895, 1, 0
9, 604, 16, 101, 6, 79, 0, 2.42888, 0.401505, -0.356107, 1, 0
9, 605, 13, 88, 6, 69, 0, 2.63573, 0.391613, -0.355103, 1, 0
9, 606, 13, 88, 6, 69, 0, 2.7362, 0.399745, -0.355287, 1, 0
9, 607, 12, 79, 4, 63, 0, 2.9598, 0.365736, -0.35371, 1, 0
9, 608, 30, 144, 10, 104, 0, 1.70068, 0.420773, -0.353236, 1, 0
9, 609, 28, 145, 13, 104, 0, 1.49352, 0.404978, -0.35348, 1, 0
9, 610, 28, 143, 11, 104, 0, 1.51193, 0.415728, -0.354106, 1, 0
9, 611, 28, 139, 8, 103, 0, 1.8247, 0.428984, -0.353522, 1, 0
9, 612, 26, 134, 6, 102, 0, 1.88528, 0.431542, -0.35397, 1, 0
9, 613, 26, 134, 6, 102, 0, 1.92011, 0.445488, -0.354029, 1, 0
9, 614, 26, 138, 11, 101, 0, 1.60569, 0.398242, -0.353839, 1, 0
9, 615, 22, 105, 9, 74, 0, 1.51578, 0.30247, -0.352196, 1, 0
9, 616, 25, 134, 7, 102, 0, 1.9716, 0.397393, -0.35419, 1, 0
9, 617, 9, 34, 0, 25, 0, 1.90506, 0.602044, 0.289871, 1, 0
9, 618, 16, 47, 1, 30, 0, 3.14419, 0.0817377, -0.215949, 1, 0
9, 619, 23, 69, 1, 45, 0, 2.80468, 0.100576, -0.217481, 0, 0
9, 620, 47, 180, 11, 122, 0, 2.15748, 0.680112, -0.198838, 1, 0
9, 621, 12, 33, 1, 20, 0, 3.67261, 0.079221, -0.225829, 1, 0
9, 622, 15, 44, 1, 28, 0, 2.651, 0.0828699, -0.219524, 1, 0
9, 623, 13, 36, 1, 22, 0, 2.33773, 0.0767582, -0.219297, 1, 0
9, 624, 50, 180, 8, 122, 0, 0.741672, 0.641722, -0.198753, 1, 0
9, 625, 51, 180, 8, 121, 0, 0.798837, 0.633042, -0.198742, 1, 0
9, 626, 50, 182, 10, 122, 0, 1.06945, 0.660076, -0.198084, 1, 0
9, 627, 49, 182, 10, 123, 0, 1.49855, 0.668756, -0.198137, 1, 0
9, 628, 14, 41, 1, 26, 0, 3.25346, 0.0839527, -0.223315, 1, 0
9, 629, 15, 44, 1, 28, 0, 3.37608, 0.0887486, -0.221934, 1, 0
9, 630, 51, 179, 8, 120, 0, 0.750866, 0.637889, -0.198778, 1, 0
9, 631, 49, 176, 8, 119, 0, 0.73807, 0.6373, -0.198265, 1, 0
9, 632, 50, 182, 9, 123, 0, 0.942066, 0.657246, -0.198104, 1, 0
9, 633, 50, 176, 7, 119, 0, 1.08831, 0.620788, -0.198263, 1, 0
9, 634, 40, 188, 15, 133, 0, 1.35882, 0.436608, -0.353889, 0, 0
9, 635, 30, 148, 15, 103, 0, 2.13843, 0.338342, -0.353381, 1, 0
9, 636, 35, 172, 17, 120, 0, 1.71011, 0.49255, -0.353147, 1, 0
9, 637, 52, 180, 6, 122, 0, 2.43718, 0.601892, -0.198802, 0, 0
9, 638, 49, 174, 8, 117, 0, 0.943167, 0.626027, -0.198724, 1, 0
9, 639, 33, 162, 16, 113, 0, 2.1028, 0.491071, -0.352354, 1, 0
9, 640, 29, 144, 15, 100, 0, 2.26855, 0.328494, -0.352677, 1, 0
9, 641, 46, 166, 6, 114, 0, 1.47045, 0.614517, -0.198277, 1, 0
9, 642, 46, 166, 6, 114, 0, 1.73991, 0.609145, -0.198245, 1, 0
9, 643, 46, 165, 6, 113, 0, 2.26692, 0.604566, -0.198169, 1, 0
9, 644, 33, 175, 16, 126, 0, 1.36148, 0.415075, -0.354272, 1, 0
9, 645, 31, 152, 15, 106, 0, 2.15303, 0.513438, -0.352527, 1, 0
9, 646, 37, 175, 13, 125, 0, 1.39035, 0.430611, -0.354013, 1, 0
9, 647, 45, 166, 7, 114, 0, 0.886823, 0.664354, -0.198221, 1, 0
9, 648, 44, 163, 8, 111, 0, 0.819629, 0.6262, -0.198661, 1, 0
9, 649, 47, 169, 7, 115, 0, 1.39458, 0.612693, -0.198365, 1, 0
9, 650, 43, 167, 10, 114, 0, 2.03491, 0.693013, -0.198447, 1, 0
9, 651, 44, 162, 7, 111, 0, 0.865638, 0.6234, -0.198692, 1, 0
9, 652, 44, 166, 9, 113, 0, 1.288, 0.684002, -0.198267, 1, 0
9, 653, 40, 155, 9, 106, 0, 1.70526, 0.701809, -0.198087, 1, 0
9, 654, 47, 165, 6, 112, 0, 2.06691, 0.602433, -0.198243, 1, 0
9, 655, 34, 163, 12, 117, 0, 1.40949, 0.424661, -0.353744, 1, 0
9, 656, 24, 126, 14, 88, 0, 1.64523, 0.310444, -0.352796, 1, 0
9, 657, 29, 145, 14, 102, 0, 1.7322, 0.515554, -0.352254, 1, 0
9, 658, 43, 157, 7, 107, 0, 1.06522, 0.620378, -0.198814, 1, 0
9, 659, 31, 149, 10, 108, 0, 1.57591, 0.435757, -0.353536, 1, 0
9, 660, 37, 143, 7, 99, 0, 0.902854, 0.685391, -0.19852, 1, 0
9, 661, 40, 150, 7, 103, 0, 0.917602, 0.619274, -0.19793, 1, 0
9, 662, 37, 148, 10, 101, 0, 1.74882, 0.683102, -0.198042, 1, 0
9, 663, 41, 152, 7, 104, 0, 0.908299, 0.619726, -0.197963, 1, 0
9, 664, 35, 146, 9, 102, 0, 2.52586, 0.752813, -0.198738, 1, 0
9, 665, 14, 43, 3, 26, 0, 3.41574, 0.220685, -0.30806, 1, 0
9, 666, 14, 43, 3, 26, 0, 3.03073, 0.190325, -0.308848, 1, 0
9, 667, 38, 142, 6, 98, 0, 0.90739, 0.644858, -0.198465, 1, 0
9, 668, 36, 139, 6, 97, 0, 0.77989, 0.663524, -0.19784, 1, 0
9, 669, 37, 143, 7, 99, 0, 0.975312, 0.707795, -0.198464, 1, 0
9, 670, 31, 150, 10, 109, 0, 2.19226, 0.429882, -0.353881, 1, 0
9, 671, 31, 152, 11, 110, 0, 1.39187, 0.402498, -0.353827, 1, 0
9, 672, 26, 118, 11, 81, 0, 1.35094, 0.31155, -0.352639, 1, 0
9, 673, 28, 143, 11, 104, 0, 1.44098, 0.416643, -0.353989, 1, 0
9, 674, 31, 148, 10, 107, 0, 1.58176, 0.437994, -0.353484, 1, 0
9, 675, 29, 143, 9, 105, 0, 1.67503, 0.434404, -0.353745, 1, 0
9, 676, 29, 145, 11, 105, 0, 1.50868, 0.405765, -0.353511, 1, 0
9, 677, 35, 138, 6, 97, 0, 0.83505, 0.657649, -0.19814, 1, 0
9, 678, 37, 143, 6, 100, 0, 1.05216, 0.714106, -0.198485, 1, 0
9, 679, 13, 104, 16, 75, 0, 0.772932, 0.238905, -0.337549, 1, 0
9, 680, 26, 139, 15, 98, 0, 0.958873, 0.188648, -0.337106, 1, 0
9, 681, 12, 101, 17, 72, 0, 0.292181, 0.225469, -0.338823, 1, 0
9, 682, 9, 48, 6, 33, 0, 1.06986, 0.17029, -0.353588, 1, 0
9, 683, 10, 52, 6, 36, 0, 0.707012, 0.161751, -0.349761, 1, 0
9, 684, 34, 132, 4, 94, 0, 1.95954, 0.58451, -0.198202, 1, 0
9, 685, 35, 136, 7, 94, 0, 0.93446, 0.69245, -0.198113, 1, 0
9, 686, 8, 46, 6, 32, 0, 1.23257, 0.183288, -0.349629, 1, 0
9, 687, 9, 49, 6, 34, 0, 1.12268, 0.180489, -0.350484, 1, 0
9, 688, 24, 133, 15, 94, 0, 1.46631, 0.196462, -0.338368, 1, 0
9, 689, 35, 134, 5, 94, 0, 1.83139, 0.570945, -0.198023, 1, 0
9, 690, 24, 102, 1, 77, 0, 0.936533, 0.575756, -0.196038, 1, 0
9, 691, 26, 106, 1, 79, 0, 0.914756, 0.580582, -0.198437, 1, 0
9, 692, 26, 106, 1, 79, 0, 0.903887, 0.570412, -0.198344, 1, 0
9, 693, 22, 93, 1, 70, 0, 1.01833, 0.6456, -0.199531, 1, 0
9, 694, 23, 98, 1, 74, 0, 0.763591, 0.628832, -0.197061, 1, 0
9, 695, 22, 93, 1, 70, 0, 0.950301, 0.83475, -0.199077, 1, 0
9, 696, 19, 81, 1, 61, 0, 0.900338, 0.649756, -0.196236, 1, 0
9, 697, 20, 85, 1, 64, 0, 0.778745, 0.735472, -0.197649, 1, 0
9, 698, 41, 184, 14, 129, 0, 2.23542, 0.195194, -0.336309, 0, 0
9, 699, 28, 150, 18, 104, 0, 2.06745, 0.225562, -0.335878, 1, 0
9, 700, 24, 104, 10, 70, 0, 3.72509, 0.167852, -0.336729, 1, 0
9, 701, 39, 182, 16, 127, 0, 1.52396, 0.19453, -0.335846, 1, 0
9, 702, 39, 179, 15, 125, 0, 1.73521, 0.193231, -0.335808, 1, 0
9, 703, 37, 176, 14, 125, 0, 2.03157, 0.192096, -0.335718, 1, 0
9, 704, 38, 181, 18, 125, 0, 1.60981, 0.194745, -0.335962, 1, 0
9, 705, 13, 41, 2, 26, 0, 3.21927, 0.0799879, -0.224049, 1, 0
9, 706, 13, 39, 1, 25, 0, 2.4555, 0.0913533, -0.222371, 1, 0
9, 707, 20, 84, 8, 56, 0, 2.79971, 0.100501, -0.230288, 1, 0
9, 708, 15, 42, 0, 27, 0, 3.49846, 0.0792492, -0.215796, 1, 0
9, 709, 37, 177, 15, 125, 0, 1.73935, 0.192671, -0.335742, 1, 0
9, 710, 23, 139, 19, 97, 0, 1.29036, 0.220216, -0.334357, 1, 0
9, 711, 35, 168, 14, 119, 0, 2.48147, 0.191982, -0.336514, 1, 0
9, 712, 23, 139, 19, 97, 0, 1.82728, 0.230952, -0.334728, 1, 0
9, 713, 20, 80, 6, 54, 0, 2.60785, 0.0991287, -0.230862, 1, 0
9, 714, 36, 174, 17, 121, 0, 1.51737, 0.191952, -0.33605, 1, 0
9, 715, 23, 133, 17, 93, 0, 1.65889, 0.225574, -0.336233, 1, 0
9, 716, 15, 48, 1, 32, 0, 2.78765, 0.0951521, -0.216696, 1, 0
9, 717, 37, 166, 13, 116, 0, 2.20556, 0.191116, -0.336313, 1, 0
9, 718, 35, 165, 13, 117, 0, 2.25867, 0.190679, -0.336087, 1, 0
9, 719, 33, 162, 16, 113, 0, 1.47125, 0.191861, -0.336744, 1, 0
9, 720, 13, 55, 0, 42, 0, 0.753848, 0.545094, -0.191676, 1, 0
9, 721, 13, 52, 0, 39, 0, 0.600371, 0.544304, -0.196468, 1, 0
9, 722, 13, 52, 0, 39, 0, 0.625624, 0.781885, -0.195624, 1, 0
9, 723, 11, 43, 0, 32, 0, 0.689008, 0.642463, -0.198424, 1, 0
9, 724, 10, 39, 0, 29, 0, 0.800527, 0.806129, -0.191567, 1, 0
9, 725, 15, 48, 2, 31, 0, 1.48147, 0.0880969, -0.215129, 1, 0
9, 726, 14, 56, 4, 38, 0, 1.89172, 0.0912702, -0.229698, 1, 0
9, 727, 14, 64, 6, 44, 0, 1.66212, 0.095351, -0.237349, 1, 0
9, 728, 17, 60, 3, 40, 0, 2.47707, 0.102193, -0.22005, 1, 0
9, 729, 17, 72, 6, 49, 0, 2.44859, 0.0998731, -0.232856, 1, 0
9, 730, 18, 84, 6, 60, 0, 3.37774, 0.0973581, -0.24494, 1, 0
9, 731, 17, 72, 6, 49, 0, 2.47026, 0.0988919, -0.232719, 1, 0
9, 732, 17, 76, 6, 53, 0, 2.70047, 0.103389, -0.235047, 1, 0
9, 733, 13, 40, 1, 26, 0, 1.32313, 0.0872586, -0.221512, 1, 0
9, 734, 18, 86, 7, 61, 0, 3.23119, 0.0973633, -0.243181, 1, 0
9, 735, 13, 54, 4, 37, 0, 1.60134, 0.0928137, -0.23154, 1, 0
