# format: (space-point-index, phi, theta, q/p, t, chi2)+
2826, -1.9515, 1.71547, -2.71363, 2226.48, 29.014, 2725, -1.95685, 1.71547, -2.71363, 2212.41, 25.4842, 2611, -1.96042, 1.71547, -2.71363, 2203.04, 25.7539, 1993, -1.97644, 1.71547, -2.71363, 2160.91, 2.47347, 1797, -1.9818, 1.71547, -2.71363, 2146.83, 0.732562, 1710, -1.98536, 1.71547, -2.71363, 2137.45, 0.0149229, 1587, -1.99071, 1.71547, -2.71363, 2123.39, 0.116957, 1485, -1.99605, 1.71547, -2.71363, 2109.34, 0.0164304, 1377, -2.00139, 1.71547, -2.71363, 2095.31, 0.427772, 1304, -2.00495, 1.71547, -2.71363, 2085.96, 1.13082e-10
2826, -1.93445, 1.71298, -4.14083, 2625.82, 20.7129, 2725, -1.94264, 1.71298, -4.14083, 2610.58, 15.5719, 2611, -1.94809, 1.71298, -4.14083, 2600.43, 10.4765, 2410, -1.95626, 1.71298, -4.14083, 2585.24, 12.0842, 1993, -1.97259, 1.71298, -4.14083, 2554.85, 2.00781, 1797, -1.98076, 1.71298, -4.14083, 2539.64, 0.118638, 1710, -1.98621, 1.71298, -4.14083, 2529.51, 0.425919, 1587, -1.99436, 1.71298, -4.14083, 2514.33, 0.424439, 1485, -2.00251, 1.71298, -4.14083, 2499.17, 0.194613, 1377, -2.01064, 1.71298, -4.14083, 2484.03, 0.263899, 1304, -2.01606, 1.71298, -4.14083, 2473.95, 1.13082e-10
2826, -1.95331, 1.71653, -2.11155, 2234.25, 28.1585, 2725, -1.95748, 1.71653, -2.11155, 2220.53, 24.411, 2611, -1.96025, 1.71653, -2.11155, 2211.4, 24.4507, 1993, -1.97273, 1.71653, -2.11155, 2170.31, 2.07388, 1797, -1.9769, 1.71653, -2.11155, 2156.57, 0.28578, 1710, -1.97967, 1.71653, -2.11155, 2147.41, 0.297106, 1587, -1.98384, 1.71653, -2.11155, 2133.69, 0.400781, 1485, -1.988, 1.71653, -2.11155, 2119.98, 0.430205, 1377, -1.99216, 1.71653, -2.11155, 2106.28, 9.01298e-11
3278, -1.78889, 1.72045, -5.29027, 2512.81, 19.7657, 3174, -1.79966, 1.72045, -5.29027, 2495.93, 28.3929, 3071, -1.81039, 1.72045, -5.29027, 2479.12, 19.6177, 3021, -1.81752, 1.72045, -5.29027, 2467.94, 4.26416, 2924, -1.8283, 1.72045, -5.29027, 2451.04, 10.8597, 2826, -1.83904, 1.72045, -5.29027, 2434.2, 1.83324, 2725, -1.84974, 1.72045, -5.29027, 2417.42, 0.952401, 2611, -1.85685, 1.72045, -5.29027, 2406.27, 0.0425964, 2410, -1.8675, 1.72045, -5.29027, 2389.58, 0.0392773, 1993, -1.88879, 1.72045, -5.29027, 2356.2, 0.340134, 1797, -1.89945, 1.72045, -5.29027, 2339.49, 1.3785e-10
3021, -1.85681, 1.72039, -4.0027, 2282.95, 6.01951, 2924, -1.86488, 1.72039, -4.0027, 2267.54, 12.79, 2826, -1.87294, 1.72039, -4.0027, 2252.17, 2.36414, 2725, -1.88097, 1.72039, -4.0027, 2236.83, 1.12098, 2611, -1.88632, 1.72039, -4.0027, 2226.62, 0.0403906, 2410, -1.89432, 1.72039, -4.0027, 2211.33, 0.0252735, 1993, -1.91035, 1.72039, -4.0027, 2180.74, 0.33927, 1797, -1.91838, 1.72039, -4.0027, 2165.41, 1.3785e-10
3021, -1.86081, 1.71276, -4.2886, 2531.23, 7.30707, 2924, -1.86943, 1.71276, -4.2886, 2515.58, 14.2437, 2826, -1.87804, 1.71276, -4.2886, 2499.98, 3.28613, 2725, -1.88663, 1.71276, -4.2886, 2484.41, 1.57424, 2611, -1.89234, 1.71276, -4.2886, 2474.05, 0.0526046, 2410, -1.9009, 1.71276, -4.2886, 2458.54, 0.123016, 1993, -1.91801, 1.71276, -4.2886, 2427.52, 0.140472, 1797, -1.92658, 1.71276, -4.2886, 2411.97, 1.11993, 1710, -1.93229, 1.71276, -4.2886, 2401.63, 1.8804e-11
3567, -1.67313, 1.71413, -7.11804, 3209.23, 13.4133, 3372, -1.70301, 1.71413, -7.11804, 3169.76, 9.79557, 3278, -1.71791, 1.71413, -7.11804, 3150.06, 1.52205, 3174, -1.73273, 1.71413, -7.11804, 3130.49, 6.71127, 3071, -1.74747, 1.71413, -7.11804, 3111.02, 4.69663, 3021, -1.75721, 1.71413, -7.11804, 3098.14, 0.178304, 2924, -1.772, 1.71413, -7.11804, 3078.61, 1.49989, 2826, -1.7867, 1.71413, -7.11804, 3059.18, 0.0570211, 2725, -1.80133, 1.71413, -7.11804, 3039.85, 0.110449, 2611, -1.81105, 1.71413, -7.11804, 3027.02, 8.37242e-11
3638, -1.63453, 1.71441, -7.69247, 3299.31, 26.2957, 3567, -1.65087, 1.71441, -7.69247, 3278.52, 4.6026, 3473, -1.66709, 1.71441, -7.69247, 3257.88, 0.726313, 3372, -1.68337, 1.71441, -7.69247, 3237.17, 3.62479, 3278, -1.69961, 1.71441, -7.69247, 3216.5, 0.131232, 3174, -1.71573, 1.71441, -7.69247, 3195.98, 0.980722, 3071, -1.73176, 1.71441, -7.69247, 3175.59, 0.584911, 2924, -1.75842, 1.71441, -7.69247, 3141.66, 0.283414, 2826, -1.7744, 1.71441, -7.69247, 3121.33, 0.607891, 2725, -1.79028, 1.71441, -7.69247, 3101.12, 0.00375862, 2611, -1.80082, 1.71441, -7.69247, 3087.71, 8.37242e-11
3638, -1.62687, 1.71219, -7.38748, 3406.13, 19.8979, 3567, -1.64261, 1.71219, -7.38748, 3385.71, 3.08528, 3473, -1.65824, 1.71219, -7.38748, 3365.43, 0.0385179, 3372, -1.67393, 1.71219, -7.38748, 3345.09, 1.30228, 3278, -1.68958, 1.71219, -7.38748, 3324.78, 1.1393, 3174, -1.70514, 1.71219, -7.38748, 3304.6, 0.60673, 3071, -1.72059, 1.71219, -7.38748, 3284.56, 0.745399, 2924, -1.74633, 1.71219, -7.38748, 3251.17, 0.358652, 2826, -1.76174, 1.71219, -7.38748, 3231.17, 4.00968e-10
3567, -1.67714, 1.71461, -6.19077, 2948.38, 8.34452, 3372, -1.70309, 1.71461, -6.19077, 2911.43, 4.81236, 3278, -1.71606, 1.71461, -6.19077, 2892.95, 0.0489972, 3174, -1.72897, 1.71461, -6.19077, 2874.57, 1.06459, 3071, -1.74181, 1.71461, -6.19077, 2856.28, 0.501557, 2924, -1.76321, 1.71461, -6.19077, 2825.81, 0.267409, 2826, -1.77605, 1.71461, -6.19077, 2807.51, 0.916468, 2725, -1.78884, 1.71461, -6.19077, 2789.3, 0.00663482, 2611, -1.79733, 1.71461, -6.19077, 2777.21, 8.37242e-11
3567, -1.67717, 1.71514, -6.02906, 2899.55, 8.13249, 3372, -1.70244, 1.71514, -6.02906, 2863, 4.81412, 3278, -1.71508, 1.71514, -6.02906, 2844.72, 0.0685595, 3174, -1.72766, 1.71514, -6.02906, 2826.54, 0.9845, 3071, -1.74017, 1.71514, -6.02906, 2808.44, 0.448431, 2924, -1.76103, 1.71514, -6.02906, 2778.27, 0.268308, 2826, -1.77355, 1.71514, -6.02906, 2760.17, 0.855973, 2725, -1.78602, 1.71514, -6.02906, 2742.14, 1.55966e-10
3638, -1.63262, 1.71612, -6.87017, 3153.69, 22.0511, 3567, -1.64723, 1.71612, -6.87017, 3134.03, 3.27364, 3473, -1.66175, 1.71612, -6.87017, 3114.5, 0.172162, 3372, -1.67633, 1.71612, -6.87017, 3094.89, 1.74727, 3278, -1.69088, 1.71612, -6.87017, 3075.31, 1.08188, 3174, -1.70535, 1.71612, -6.87017, 3055.84, 0.630281, 3071, -1.71973, 1.71612, -6.87017, 3036.5, 1.14775, 2924, -1.74369, 1.71612, -6.87017, 3004.26, 3.30623e-10
3638, -1.61764, 1.71106, -8.13296, 3700.99, 16.2528, 3567, -1.63504, 1.71106, -8.13296, 3679.4, 2.65402, 3473, -1.6523, 1.71106, -8.13296, 3657.98, 0.151486, 3372, -1.6696, 1.71106, -8.13296, 3636.51, 0.666683, 3278, -1.68686, 1.71106, -8.13296, 3615.09, 1.82401, 3174, -1.704, 1.71106, -8.13296, 3593.83, 0.862964, 3071, -1.72101, 1.71106, -8.13296, 3572.72, 1.10418, 2924, -1.74933, 1.71106, -8.13296, 3537.58, 0.270463, 2826, -1.76627, 1.71106, -8.13296, 3516.55, 4.00968e-10
3638, -1.62149, 1.71268, -6.76808, 3063.76, 15.4854, 3567, -1.63595, 1.71268, -6.76808, 3044.15, 1.40734, 3473, -1.65032, 1.71268, -6.76808, 3024.67, 0.721362, 3372, -1.66474, 1.71268, -6.76808, 3005.11, 1.97339, 3278, -1.67915, 1.71268, -6.76808, 2985.57, 2.4643, 3174, -1.69347, 1.71268, -6.76808, 2966.16, 0.000211047, 3071, -1.7077, 1.71268, -6.76808, 2946.86, 1.02998e-10
4064, -1.37647, 1.72384, -8.94869, 3585.81, 11.2701, 3991, -1.40458, 1.72384, -8.94869, 3552.29, 13.5639, 3893, -1.43908, 1.72384, -8.94869, 3511.12, 11.4941, 3824, -1.46666, 1.72384, -8.94869, 3478.23, 0.354986, 3638, -1.52753, 1.72384, -8.94869, 3405.62, 0.519804, 3567, -1.54759, 1.72384, -8.94869, 3381.69, 4.24208, 3473, -1.56744, 1.72384, -8.94869, 3358.02, 5.36536, 3372, -1.58732, 1.72384, -8.94869, 3334.3, 1.41002, 3278, -1.60712, 1.72384, -8.94869, 3310.68, 5.92849e-11
4403, -1.1618, 1.72391, -9.57314, 3814.43, 17.5892, 4215, -1.25135, 1.72391, -9.57314, 3710.28, 7.5773, 4142, -1.29121, 1.72391, -9.57314, 3663.92, 24.5082, 4064, -1.33007, 1.72391, -9.57314, 3618.73, 1.46037, 3991, -1.36109, 1.72391, -9.57314, 3582.64, 1.54573, 3893, -1.39894, 1.72391, -9.57314, 3538.62, 2.43813, 3824, -1.42921, 1.72391, -9.57314, 3503.42, 4.65746, 3718, -1.46622, 1.72391, -9.57314, 3460.37, 0.195003, 3638, -1.49581, 1.72391, -9.57314, 3425.95, 0.335598, 3567, -1.51768, 1.72391, -9.57314, 3400.52, 2.26058, 3473, -1.53926, 1.72391, -9.57314, 3375.41, 2.08069e-10
4142, -1.31115, 1.72053, -8.76692, 3965.84, 29.8152, 4064, -1.34633, 1.72053, -8.76692, 3923.54, 4.87744, 3991, -1.37443, 1.72053, -8.76692, 3889.75, 4.81948, 3893, -1.40883, 1.72053, -8.76692, 3848.38, 1.08791, 3824, -1.43638, 1.72053, -8.76692, 3815.25, 4.91827, 3718, -1.47013, 1.72053, -8.76692, 3774.66, 0.410262, 3638, -1.49718, 1.72053, -8.76692, 3742.14, 2.30785e-10
4507, -1.07918, 1.72057, -9.96464, 4124.5, 21.6913, 4403, -1.12444, 1.72057, -9.96464, 4072.59, 2.10585, 4215, -1.22022, 1.72057, -9.96464, 3962.75, 0.367877, 4142, -1.26266, 1.72057, -9.96464, 3914.08, 4.41083, 4064, -1.30401, 1.72057, -9.96464, 3866.66, 2.97571, 3991, -1.33695, 1.72057, -9.96464, 3828.89, 0.680832, 3893, -1.37715, 1.72057, -9.96464, 3782.78, 2.18354, 3824, -1.40915, 1.72057, -9.96464, 3746.08, 3.88066e-10
4403, -1.15451, 1.7218, -9.58414, 3830.47, 8.33755, 4215, -1.24463, 1.7218, -9.58414, 3725.7, 3.94285, 4142, -1.28473, 1.7218, -9.58414, 3679.08, 20.2306, 4064, -1.32382, 1.7218, -9.58414, 3633.64, 1.23274, 3991, -1.355, 1.7218, -9.58414, 3597.38, 1.09169, 3893, -1.39307, 1.7218, -9.58414, 3553.12, 2.36899, 3824, -1.42349, 1.7218, -9.58414, 3517.76, 6.08974, 3718, -1.46066, 1.7218, -9.58414, 3474.54, 4.69173e-10
4507, -1.08231, 1.71555, -9.52416, 4276.38, 23.4918, 4403, -1.12544, 1.71555, -9.52416, 4226.12, 0.373382, 4215, -1.21699, 1.71555, -9.52416, 4119.45, 0.794218, 4142, -1.25766, 1.71555, -9.52416, 4072.06, 4.4887, 4064, -1.29736, 1.71555, -9.52416, 4025.81, 2.39949, 3991, -1.32899, 1.71555, -9.52416, 3988.95, 7.5089e-10
5257, -0.567126, 1.73109, -11.3142, 4848.81, 2.00767, 5070, -0.676011, 1.73109, -11.3142, 4728.81, 0.122099, 4979, -0.720087, 1.73109, -11.3142, 4680.23, 17.5501, 4914, -0.762159, 1.73109, -11.3142, 4633.86, 6.377, 4651, -0.855465, 1.73109, -11.3142, 4531.03, 2.65132e-10
2413, -1.19995, 1.30459, -5.93853, -358.172, 4.88545, 2217, -1.21232, 1.30459, -5.93853, -376.216, 1.05307, 1996, -1.22464, 1.30459, -5.93853, -394.194, 0.290124, 1800, -1.23692, 1.30459, -5.93853, -412.109, 1.4635, 1711, -1.24512, 1.30459, -5.93853, -424.073, 1.20157, 1590, -1.25745, 1.30459, -5.93853, -442.062, 1.82881e-12
3059, -0.966235, 1.3768, -9.08664, -556.205, 5.25378, 2961, -0.986212, 1.3768, -9.08664, -579.892, 17.1239, 2863, -1.00617, 1.3768, -9.08664, -603.559, 0.293492, 2773, -1.02594, 1.3768, -9.08664, -626.997, 1.86588, 2413, -1.06522, 1.3768, -9.08664, -673.578, 1.09387, 2217, -1.08476, 1.3768, -9.08664, -696.751, 8.28504e-12
3153, -0.902873, 1.3723, -9.36917, -496.254, 23.0171, 3059, -0.924013, 1.3723, -9.36917, -521.033, 0.164524, 2961, -0.944992, 1.3723, -9.36917, -545.625, 6.16802, 2863, -0.966041, 1.3723, -9.36917, -570.298, 5.34277, 2773, -0.986856, 1.3723, -9.36917, -594.696, 0.156714, 2413, -1.0282, 1.3723, -9.36917, -643.16, 2.97151e-12
3153, -0.894958, 1.35379, -9.35177, -410.451, 16.5446, 3059, -0.916237, 1.35379, -9.35177, -435.411, 1.44297, 2961, -0.93735, 1.35379, -9.35177, -460.175, 1.48442, 2863, -0.958537, 1.35379, -9.35177, -485.027, 9.67976, 2773, -0.97948, 1.35379, -9.35177, -509.593, 0.517374, 2612, -1.00019, 1.35379, -9.35177, -533.889, 3.82792e-12
3690, -0.510031, 1.35254, -13.0327, -309.482, 10.7596, 3600, -0.558965, 1.35254, -13.0327, -361.478, 4.19955, 3475, -0.607022, 1.35254, -13.0327, -412.54, 3.97707, 3375, -0.642228, 1.35254, -13.0327, -449.948, 3.58093, 3251, -0.688193, 1.35254, -13.0327, -498.788, 5.33527, 3153, -0.722238, 1.35254, -13.0327, -534.962, 0.275632, 3059, -0.755576, 1.35254, -13.0327, -570.385, 1.79355e-12
2962, -1.6413, 1.34612, 13.6212, -967.107, 6.27446, 2864, -1.60671, 1.34612, 13.6212, -1003.49, 2.23304, 2797, -1.58369, 1.34612, 13.6212, -1027.71, 15.8236, 2696, -1.54971, 1.34612, 13.6212, -1063.46, 0.7736, 2504, -1.51629, 1.34612, 13.6212, -1098.62, 1.44076, 2355, -1.49409, 1.34612, 13.6212, -1121.98, 3.7938, 2158, -1.46143, 1.34612, 13.6212, -1156.34, 1.69197e-11
2962, -1.64838, 1.34224, 13.6943, -951.886, 4.76941, 2864, -1.61338, 1.34224, 13.6943, -988.665, 1.69051, 2797, -1.59008, 1.34224, 13.6943, -1013.14, 16.0965, 2696, -1.55573, 1.34224, 13.6943, -1049.25, 0.341346, 2504, -1.52192, 1.34224, 13.6943, -1084.77, 2.86213, 2355, -1.49949, 1.34224, 13.6943, -1108.34, 0.868061, 2158, -1.4665, 1.34224, 13.6943, -1143.01, 2.34088, 1999, -1.44455, 1.34224, 13.6943, -1166.08, 2.00997e-11
2962, -1.63465, 1.32718, 13.2848, -864.288, 7.73075, 2864, -1.60094, 1.32718, 13.2848, -899.957, 2.01481, 2797, -1.57847, 1.32718, 13.2848, -923.73, 19.2515, 2696, -1.5453, 1.32718, 13.2848, -958.817, 0.653181, 2504, -1.51266, 1.32718, 13.2848, -993.348, 0.9752, 2355, -1.49096, 1.32718, 13.2848, -1016.3, 3.49387, 2158, -1.45902, 1.32718, 13.2848, -1050.09, 0.215928, 1999, -1.43782, 1.32718, 13.2848, -1072.52, 5.21064, 1802, -1.40627, 1.32718, 13.2848, -1105.89, 0.0519288, 1715, -1.38559, 1.32718, 13.2848, -1127.77, 1.34259, 1594, -1.35459, 1.32718, 13.2848, -1160.57, 3.9025, 1190, -1.2437, 1.32718, 13.2848, -1277.88, 1.21273e-10
2962, -1.63812, 1.32791, 13.4857, -910.932, 6.41037, 2864, -1.60381, 1.32791, 13.4857, -947.105, 1.45377, 2797, -1.58096, 1.32791, 13.4857, -971.198, 20.0773, 2696, -1.54724, 1.32791, 13.4857, -1006.75, 0.691779, 2504, -1.51407, 1.32791, 13.4857, -1041.73, 0.962936, 2355, -1.49202, 1.32791, 13.4857, -1064.97, 3.74465, 2158, -1.45959, 1.32791, 13.4857, -1099.16, 0.433705, 1999, -1.43806, 1.32791, 13.4857, -1121.87, 5.69546, 1802, -1.40604, 1.32791, 13.4857, -1155.62, 0.108852, 1715, -1.38506, 1.32791, 13.4857, -1177.75, 1.65479, 1594, -1.3536, 1.32791, 13.4857, -1210.92, 4.74493, 1190, -1.24117, 1.32791, 13.4857, -1329.46, 1.21273e-10
2962, -1.62721, 1.33553, 12.5981, -882.966, 10.5444, 2864, -1.59546, 1.33553, 12.5981, -916.969, 3.86338, 2797, -1.57427, 1.33553, 12.5981, -939.668, 11.8291, 2696, -1.54296, 1.33553, 12.5981, -973.206, 0.0497544, 2504, -1.51211, 1.33553, 12.5981, -1006.26, 2.92844, 2355, -1.49157, 1.33553, 12.5981, -1028.25, 2.06652, 2158, -1.46132, 1.33553, 12.5981, -1060.66, 1.13968, 1999, -1.44121, 1.33553, 12.5981, -1082.2, 3.37391, 1802, -1.41127, 1.33553, 12.5981, -1114.27, 0.330504, 1715, -1.39163, 1.33553, 12.5981, -1135.31, 4.07137e-10
2962, -1.60752, 1.33621, 11.4163, -844.505, 28.0107, 2797, -1.56015, 1.33621, 11.4163, -896.584, 5.03953, 2696, -1.53205, 1.33621, 11.4163, -927.473, 1.24039, 2504, -1.50428, 1.33621, 11.4163, -957.998, 7.4863, 2355, -1.48578, 1.33621, 11.4163, -978.341, 0.360221, 2158, -1.45846, 1.33621, 11.4163, -1008.37, 3.0059, 1999, -1.44029, 1.33621, 11.4163, -1028.35, 1.85262, 1802, -1.41316, 1.33621, 11.4163, -1058.17, 0.74942, 1715, -1.39534, 1.33621, 11.4163, -1077.76, 4.07137e-10
1190, -0.807606, 1.32192, -0.0820159, -585.564, 6.01595, 1030, -0.807768, 1.32192, -0.0820159, -598.807, 6.95183, 812, -0.807931, 1.32192, -0.0820159, -612.051, 0.2305, 601, -0.808094, 1.32192, -0.0820159, -625.296, 2.5151, 389, -0.808257, 1.32192, -0.0820159, -638.54, 0.0371659, 187, -0.80842, 1.32192, -0.0820159, -651.784, 5.62286e-11
3437, -1.59528, 1.79045, 13.5835, 3005.29, 10.745, 3227, -1.50553, 1.79045, 13.5835, 2910.81, 23.155, 3073, -1.45593, 1.79045, 13.5835, 2858.6, 2.00037, 2867, -1.37189, 1.79045, 13.5835, 2770.12, 3.00585e-10
3227, -1.44801, 1.8058, 13.0919, 2572.31, 2.71767, 3073, -1.4022, 1.8058, 13.0919, 2523.68, 12.8679, 2867, -1.32437, 1.8058, 13.0919, 2441.08, 0.00716423, 2619, -1.25957, 1.8058, 13.0919, 2372.3, 0.392326, 2417, -1.22788, 1.8058, 13.0919, 2338.66, 1.08035e-10
2984, -1.24911, 1.80401, 10.6836, 2190.3, 3.21359, 2867, -1.21569, 1.80401, 10.6836, 2152.84, 16.6283, 2619, -1.16631, 1.80401, 10.6836, 2097.47, 0.925906, 2417, -1.14191, 1.80401, 10.6836, 2070.12, 13.9447, 2219, -1.11773, 1.80401, 10.6836, 2043.01, 24.173, 2002, -1.09351, 1.80401, 10.6836, 2015.86, 1.17932e-10
3227, -1.46128, 1.80373, 13.616, 2680.56, 10.2537, 3073, -1.41323, 1.80373, 13.616, 2630.01, 1.35553, 2867, -1.33173, 1.80373, 13.616, 2544.26, 4.31526, 2775, -1.2979, 1.80373, 13.616, 2508.66, 1.05447, 2619, -1.26405, 1.80373, 13.616, 2473.05, 0.809302, 2417, -1.23102, 1.80373, 13.616, 2438.3, 1.08035e-10
3520, -1.44186, 1.83084, 12.1354, -7.59728, 0.187084, 3402, -1.39759, 1.83084, 12.1354, -55.4591, 0.995372, 3309, -1.36467, 1.83084, 12.1354, -91.0635, 0.482656, 3208, -1.33255, 1.83084, 12.1354, -125.794, 3.55912, 3099, -1.30058, 1.83084, 12.1354, -160.36, 2.86825e-11
2417, -0.991791, 1.8287, 7.64106, 1502.14, 6.08111, 2219, -0.975419, 1.8287, 7.64106, 1481.24, 0.364205, 2002, -0.9591, 1.8287, 7.64106, 1460.41, 8.06261, 1803, -0.942885, 1.8287, 7.64106, 1439.72, 1.33226, 1717, -0.932128, 1.8287, 7.64106, 1425.99, 1.4812, 1600, -0.915996, 1.8287, 7.64106, 1405.4, 5.38623, 1494, -0.899829, 1.8287, 7.64106, 1384.76, 1.77673e-10
2417, -0.990562, 1.81061, 8.66314, 1766.85, 4.40112, 2219, -0.972108, 1.81061, 8.66314, 1744.55, 0.339573, 2002, -0.953722, 1.81061, 8.66314, 1722.33, 6.33721, 1803, -0.935464, 1.81061, 8.66314, 1700.27, 1.10327, 1717, -0.923359, 1.81061, 8.66314, 1685.65, 3.42945, 1600, -0.905238, 1.81061, 8.66314, 1663.75, 13.8723, 1494, -0.887068, 1.81061, 8.66314, 1641.8, 5.61037, 1394, -0.869009, 1.81061, 8.66314, 1619.97, 1.61489e-10
3377, -0.721539, 1.77863, 1.7025, 1309.42, 20.4522, 1600, -0.677766, 1.77863, 1.7025, 1133.11, 17.4831, 1494, -0.674399, 1.77863, 1.7025, 1119.55, 13.7283, 1394, -0.671034, 1.77863, 1.7025, 1106, 9.10649, 1268, -0.66767, 1.77863, 1.7025, 1092.45, 0.131271, 1119, -0.664308, 1.77863, 1.7025, 1078.91, 0.628785, 1031, -0.662067, 1.77863, 1.7025, 1069.88, 0.345479, 813, -0.658706, 1.77863, 1.7025, 1056.34, 5.97996e-11
1600, -0.762627, 1.80359, 5.86434, 1376.53, 0.138684, 1494, -0.750809, 1.80359, 5.86434, 1359.15, 0.480894, 1394, -0.739019, 1.80359, 5.86434, 1341.82, 1.58591, 1268, -0.727253, 1.80359, 5.86434, 1324.52, 2.92336, 1119, -0.715512, 1.80359, 5.86434, 1307.26, 8.36886e-11
2817, -0.961042, 1.7782, 8.11557, -290.028, 9.40332, 2541, -0.92657, 1.7782, 8.11557, -332.844, 11.0167, 2392, -0.915047, 1.7782, 8.11557, -347.157, 0.775342, 2195, -0.897863, 1.7782, 8.11557, -368.5, 7.23599, 1979, -0.880796, 1.7782, 8.11557, -389.698, 0.145084, 1786, -0.863862, 1.7782, 8.11557, -410.732, 8.44085e-11
3099, -1.1104, 1.8163, 9.31531, -127.985, 11.8153, 3011, -1.08929, 1.8163, 9.31531, -152.783, 15.9159, 2914, -1.06836, 1.8163, 9.31531, -177.368, 6.63318, 2817, -1.04734, 1.8163, 9.31531, -202.056, 9.9902, 2717, -1.02655, 1.8163, 9.31531, -226.481, 2.09008, 2392, -0.992178, 1.8163, 9.31531, -266.86, 15.7132, 2195, -0.971596, 1.8163, 9.31531, -291.037, 2.92022, 1979, -0.951214, 1.8163, 9.31531, -314.979, 1.02766e-11
1564, -0.535569, 1.77297, -0.147966, -269.244, 27.0527, 1470, -0.53586, 1.77297, -0.147966, -282.352, 7.77787, 1364, -0.53615, 1.77297, -0.147966, -295.457, 0.723193, 1243, -0.536441, 1.77297, -0.147966, -308.563, 1.84826, 1089, -0.536732, 1.77297, -0.147966, -321.667, 0.734556, 962, -0.536925, 1.77297, -0.147966, -330.404, 5.14628, 761, -0.537216, 1.77297, -0.147966, -343.51, 0.521903, 551, -0.537507, 1.77297, -0.147966, -356.617, 1.91347e-12
2541, -0.865772, 1.79883, 7.51022, -263.845, 13.0084, 2392, -0.855303, 1.79883, 7.51022, -277.317, 5.96603, 2195, -0.839671, 1.79883, 7.51022, -297.435, 6.9634, 1979, -0.82412, 1.79883, 7.51022, -317.447, 0.545145, 1646, -0.793156, 1.79883, 7.51022, -357.294, 0.0909162, 1564, -0.782818, 1.79883, 7.51022, -370.597, 4.75037, 1470, -0.767371, 1.79883, 7.51022, -390.476, 4.62869e-11
5321, -1.42452, 1.33702, 11.8058, 10814.3, 19.9721, 5190, -1.29656, 1.33702, 11.8058, 10674.9, 3.80409, 5088, -1.1927, 1.33702, 11.8058, 10561.8, 4.00956e-09
1667, 1.1089, 1.54272, -7.63472, 8847.89, 23.9663, 1340, 1.06208, 1.54272, -7.63472, 8788.11, 20.46, 1224, 1.04662, 1.54272, -7.63472, 8768.37, 0.21737, 1039, 1.02598, 1.54272, -7.63472, 8742.02, 1.24885, 821, 1.01052, 1.54272, -7.63472, 8722.28, 0.893903, 611, 0.995142, 1.54272, -7.63472, 8702.63, 6.72495e-10
2043, 1.45355, 1.54676, -14.2105, 41469.4, 18.8444, 1607, 1.36417, 1.54676, -14.2105, 41376.2, 0.029855, 1448, 1.32072, 1.54676, -14.2105, 41330.9, 0.754365, 1340, 1.28824, 1.54676, -14.2105, 41297, 0.270434, 1224, 1.25641, 1.54676, -14.2105, 41263.8, 4.89118e-10
3031, 1.42364, 1.41317, -12.2268, 5539.48, 2.08439, 2833, 1.36405, 1.41317, -12.2268, 5475.17, 16.9522, 2532, 1.29618, 1.41317, -12.2268, 5401.92, 4.65499, 2320, 1.26766, 1.41317, -12.2268, 5371.15, 0.251071, 2041, 1.22981, 1.41317, -12.2268, 5330.3, 25.0622, 1826, 1.20185, 1.41317, -12.2268, 5300.12, 1.26447e-10
3350, 1.81652, 1.3986, -15.4386, 6183.11, 21.6539, 3188, 1.73298, 1.3986, -15.4386, 6097.37, 27.0586, 3128, 1.70072, 1.3986, -15.4386, 6064.25, 1.31403, 2968, 1.62293, 1.3986, -15.4386, 5984.39, 13.2875, 2833, 1.56337, 1.3986, -15.4386, 5923.25, 21.8081, 2708, 1.50567, 1.3986, -15.4386, 5864.02, 1.09953, 2532, 1.46302, 1.3986, -15.4386, 5820.24, 1.13324e-10
2835, 2.04972, 1.52373, -18.0947, 17400.8, 9.79482, 2737, 1.9785, 1.52373, -18.0947, 17329.4, 4.23154, 2321, 1.82692, 1.52373, -18.0947, 17177.6, 0.318744, 2180, 1.78617, 1.52373, -18.0947, 17136.8, 2.47597, 2043, 1.74706, 1.52373, -18.0947, 17097.7, 6.99967, 1667, 1.63444, 1.52373, -18.0947, 16984.9, 5.58776e-11
3535, 2.30863, 1.44048, -17.7705, 9748.91, 20.1457, 3483, 2.22259, 1.44048, -17.7705, 9662.52, 24.613, 3418, 2.11, 1.44671, -17.7821, 9585.63, 8.47961e-10
3482, 2.1783, 1.44671, -17.7821, 9654.2, 23.2221, 3418, 2.11, 1.44671, -17.7821, 9585.63, 8.47961e-10
1430, 0.671532, 1.47723, 18.4134, 8102.33, 19.1809, 1279, 0.734342, 1.47723, 18.4134, 8039.58, 0.249207, 1133, 0.780148, 1.47723, 18.4134, 7993.81, 1.37965, 926, 0.825254, 1.47723, 18.4134, 7948.75, 7.32801e-05, 734, 0.869508, 1.47723, 18.4134, 7904.53, 1.11325e-10
926, 1.01712, 1.45379, 13.1722, 5229.92, 20.9857, 734, 1.04556, 1.45379, 13.1722, 5199.78, 0.207717, 515, 1.07375, 1.45379, 13.1722, 5169.89, 0.187439, 296, 1.10161, 1.45379, 13.1722, 5140.36, 2.93593, 147, 1.12954, 1.45379, 13.1722, 5110.76, 1.03675e-10
1547, 2.54604, 1.16396, -16.2648, 468.017, 27.3172, 1349, 2.45656, 1.16396, -16.2648, 376.971, 15.5716, 1041, 2.35663, 1.16396, -16.2648, 275.295, 2.16807, 825, 2.31462, 1.16396, -16.2648, 232.556, 1.59615, 405, 2.23303, 1.16396, -16.2648, 149.543, 0.165951, 209, 2.19315, 1.16396, -16.2648, 108.961, 1.95186, 27, 2.15365, 1.16396, -16.2648, 68.7766, 1.26302e-12
1547, 2.53599, 1.16349, -15.5574, 450.48, 21.5589, 1349, 2.45093, 1.16349, -15.5574, 363.277, 12.6855, 1041, 2.35555, 1.16349, -15.5574, 265.504, 2.20047, 825, 2.31538, 1.16349, -15.5574, 224.327, 1.47998, 405, 2.2372, 1.16349, -15.5574, 144.182, 0.122238, 209, 2.19892, 1.16349, -15.5574, 104.945, 2.21291, 27, 2.16099, 1.16349, -15.5574, 66.0537, 1.26302e-12
1547, 2.51447, 1.15533, -14.0634, 406.391, 12.1547, 1455, 2.47627, 1.15533, -14.0634, 366.476, 0.195294, 1349, 2.43836, 1.15533, -14.0634, 326.861, 13.061, 1041, 2.3524, 1.15533, -14.0634, 237.029, 0.364832, 825, 2.31607, 1.15533, -14.0634, 199.064, 1.48455, 405, 2.24503, 1.15533, -14.0634, 124.825, 7.46098e-13
1547, 2.52443, 1.16115, -15.3516, 444.086, 13.057, 1455, 2.48254, 1.16115, -15.3516, 401.046, 0.864227, 1349, 2.44111, 1.16115, -15.3516, 358.475, 4.14763, 1041, 2.3475, 1.16115, -15.3516, 262.284, 6.13087, 825, 2.30808, 1.16115, -15.3516, 221.776, 2.07683, 405, 2.23123, 1.16115, -15.3516, 142.816, 7.46098e-13
2110, 2.75266, 1.13646, -14.9082, 592.962, 2.25744, 1969, 2.7216, 1.13646, -14.9082, 560.878, 3.3929, 1778, 2.6756, 1.13646, -14.9082, 513.357, 5.35042, 1675, 2.64552, 1.13646, -14.9082, 482.284, 0.252849, 1350, 2.51527, 1.13646, -14.9082, 347.719, 0.990151, 1234, 2.47346, 1.13646, -14.9082, 304.528, 5.52245e-12
2110, 2.75638, 1.14794, -15.1887, 622.632, 1.5957, 1969, 2.7248, 1.14794, -15.1887, 590.113, 2.16907, 1778, 2.67804, 1.14794, -15.1887, 541.973, 7.49224, 1675, 2.64748, 1.14794, -15.1887, 510.514, 1.92087, 1350, 2.51533, 1.14794, -15.1887, 374.466, 5.8095e-12
2110, 2.75623, 1.14091, -15.1556, 614.437, 1.35871, 1969, 2.72462, 1.14091, -15.1556, 581.883, 2.71283, 1778, 2.67782, 1.14091, -15.1556, 533.685, 7.1474, 1675, 2.64725, 1.14091, -15.1556, 502.194, 3.61732, 1350, 2.51502, 1.14091, -15.1556, 366.008, 2.16912, 1234, 2.47263, 1.14091, -15.1556, 322.355, 5.52245e-12
