# format: selected-trackId
3
5
7
9
17
23
30
32
33
34
36
42
43
44
61
62
65
66
85
86
91
95
96
105
110
111
113
117
121
130
146
152
167
184
187
191
196
202
205
211
218
219
221
223
226
236
237
244
262
266
272
274
278
282
288
293
297
308
321
327
331
341
366
369
375
377
379
385
392
396
406
408
410
411
414
415
417
418
423
425
428
430
434
440
441
445
446
448
449
450
451
453
454
455
458
459
462
463
465
467
469
478
481
482
484
485
488
489
490
492
493
495
499
500
502
504
505
507
512
513
514
515
521
524
525
526
528
529
530
532
534
536
539
540
541
544
545
547
553
558
562
563
565
567
568
569
571
572
575
576
579
580
582
583
584
585
587
588
589
591
592
593
596
597
599
603
606
607
610
611
612
614
616
617
618
619
620
621
624
626
627
628
629
632
633
635
636
637
639
640
641
644
645
647
649
652
653
657
658
659
660
661
662
663
666
667
670
671
672
673
675
676
677
679
681
682
684
685
687
689
690
692
693
695
696
699
702
703
705
706
707
709
711
712
714
716
717
720
721
722
723
725
727
729
731
732
735
737
738
740
741
742
743
745
746
750
752
757
758
759
764
767
769
772
780
784
785
786
788
789
790
792
793
796
798
799
801
805
807
808
813
817
820
823
824
826
829
830
831
832
835
840
841
844
846
855
856
859
864
865
878
880
885
891
893
896
898
899
900
