# format: selected-trackId
1
3
6
7
12
13
17
27
42
43
44
45
52
64
68
69
71
82
87
96
106
115
130
144
146
147
152
157
193
194
197
199
201
206
207
211
215
217
221
224
227
228
230
233
236
242
258
259
264
267
270
275
284
291
296
298
313
315
327
329
334
336
337
339
340
342
345
350
352
353
355
357
359
364
365
375
377
379
381
391
395
396
403
406
408
409
410
411
412
417
421
422
423
424
427
428
430
435
437
438
439
440
447
448
453
455
456
458
460
463
465
469
471
474
476
478
479
480
482
484
485
486
490
491
493
496
498
500
503
504
505
506
507
511
512
516
517
518
520
522
525
527
529
530
532
533
535
536
537
538
543
545
547
548
549
552
555
559
562
564
571
572
575
576
578
580
583
584
589
590
593
594
596
599
600
601
603
609
613
618
619
621
622
623
625
626
627
629
632
633
634
644
647
648
651
653
654
660
662
663
664
665
667
669
672
673
674
675
678
679
683
686
688
689
695
696
697
699
701
705
706
707
708
710
711
712
713
719
723
725
726
727
728
729
730
733
735
736
737
738
741
746
747
749
751
752
754
755
756
757
758
759
762
766
767
769
770
773
774
775
778
779
784
785
787
796
797
798
800
803
804
805
806
808
809
810
814
815
820
823
824
826
830
832
833
835
837
838
839
843
845
846
848
852
853
854
856
858
859
860
861
863
865
866
868
870
871
876
877
878
880
884
885
886
889
891
893
895
896
898
900
901
904
906
907
912
914
915
917
919
920
921
922
923
925
926
928
930
931
932
933
934
938
940
942
944
945
948
949
950
951
952
955
956
957
960
963
964
966
967
970
972
974
976
977
980
982
983
984
985
986
987
988
991
994
995
996
997
999
1009
1010
1011
1015
1017
1020
1021
1022
1024
1026
1028
1029
1030
1031
1034
1035
1036
1042
1048
