# format: selected-trackId
25
27
31
48
76
81
88
122
134
160
161
164
177
179
199
208
237
242
266
282
290
296
334
343
349
378
380
382
386
397
400
405
406
407
412
414
415
416
417
419
420
421
423
425
426
427
428
429
432
435
437
438
439
441
443
445
452
453
456
459
461
462
463
470
473
474
476
477
478
480
481
482
483
484
486
488
491
495
496
497
498
499
500
505
506
507
508
510
511
512
514
515
516
519
520
522
523
526
527
528
530
531
532
541
542
544
545
546
547
548
550
551
552
557
559
562
565
566
567
569
570
571
573
574
577
578
579
580
581
582
583
585
588
593
594
598
599
601
602
603
605
606
608
609
614
617
619
620
626
627
630
631
635
636
639
