# format: selected-trackId
19
38
47
60
68
77
81
83
108
128
133
137
139
148
156
162
167
171
175
178
191
192
199
200
203
212
215
217
224
233
243
253
258
289
290
297
315
316
317
322
328
352
358
359
361
371
393
397
398
400
404
406
407
409
412
415
416
417
419
420
421
424
427
431
432
435
436
438
449
451
452
453
454
457
461
462
463
464
471
472
474
476
479
480
481
483
486
488
490
491
496
497
498
501
502
503
504
505
506
511
512
514
515
520
522
524
525
526
530
531
536
537
538
540
541
542
546
547
549
550
551
552
553
554
555
556
558
559
560
561
562
563
564
565
567
568
573
574
575
578
582
583
586
590
591
596
598
600
601
608
609
610
616
617
619
620
622
623
625
627
628
631
635
638
641
643
644
647
648
649
651
654
655
656
657
658
659
660
662
663
665
666
668
674
680
684
687
689
691
692
696
697
698
702
703
705
711
712
716
719
720
721
724
725
726
727
728
730
733
736
738
739
741
743
746
750
754
756
758
759
761
764
767
773
